0	1038
1	2
1	3
1	4
1	5
1	12
1	35
1	227
1	272
1	308
2	1
2	3
2	4
2	5
2	6
2	7
2	8
2	10
2	11
2	12
2	13
2	275
2	389
3	1
3	2
3	4
3	5
3	6
3	7
3	8
3	10
3	11
3	12
3	13
3	275
4	1
4	2
4	3
4	5
4	6
4	7
4	8
4	10
4	11
4	12
4	13
4	275
5	1
5	2
5	3
5	4
5	6
5	7
5	8
5	9
5	10
5	11
5	12
5	13
5	308
6	2
6	3
6	4
6	5
6	7
6	8
6	10
6	11
6	12
6	13
6	35
6	1038
7	2
7	3
7	4
7	5
7	6
7	8
7	9
7	10
7	11
7	12
7	13
7	389
8	2
8	3
8	4
8	5
8	6
8	7
8	10
8	11
8	12
8	13
9	5
9	7
9	12
10	2
10	3
10	4
10	5
10	6
10	7
10	8
10	11
10	12
10	13
10	389
11	2
11	3
11	4
11	5
11	6
11	7
11	8
11	10
11	12
11	13
11	389
12	1
12	2
12	3
12	4
12	5
12	6
12	7
12	8
12	9
12	10
12	11
12	13
12	389
12	1036
13	2
13	3
13	4
13	5
13	6
13	7
13	8
13	10
13	11
13	12
14	173
15	40
15	96
15	151
15	553
15	584
15	602
15	643
15	644
15	800
15	911
16	186
16	207
16	517
16	1038
17	35
17	183
17	244
17	322
17	343
17	392
17	467
17	514
17	1003
18	21
18	323
18	324
18	347
18	388
19	20
19	323
19	324
19	388
20	36
21	27
21	357
21	371
21	411
21	493
21	601
21	746
21	747
21	912
21	920
21	1010
23	26
23	28
23	29
24	25
25	23
25	42
25	44
25	58
25	61
25	411
25	601
25	715
25	912
25	1002
26	25
26	254
26	821
26	833
26	866
26	923
27	25
27	254
27	821
27	833
27	866
27	923
28	294
28	445
28	591
28	623
28	624
28	778
28	779
28	781
28	922
29	59
29	78
29	103
29	198
29	314
29	393
29	395
29	396
29	400
29	498
29	591
29	603
29	623
29	624
29	692
29	696
29	795
29	807
29	846
29	867
29	922
29	961
29	969
29	982
29	1025
29	1030
30	59
30	78
30	103
30	198
30	314
30	393
30	395
30	396
30	400
30	498
30	591
30	603
30	623
30	624
30	692
30	696
30	795
30	807
30	846
30	867
30	922
30	961
30	969
30	982
30	1025
30	1030
31	169
31	261
31	265
31	759
31	819
31	883
32	38
32	191
32	244
32	297
32	298
32	300
32	322
32	500
32	576
33	1
33	6
33	19
33	38
33	183
33	195
33	227
33	229
33	308
33	317
33	331
33	343
33	1014
33	1017
34	22
34	193
36	34
36	35
36	183
36	191
36	195
36	244
36	274
36	296
36	298
36	302
36	303
36	322
36	323
36	324
36	576
36	703
37	16
37	173
37	174
37	175
37	176
38	483
38	1021
39	17
39	109
39	241
39	372
39	584
39	631
39	643
39	804
39	805
39	821
40	46
40	86
40	95
40	111
40	140
40	144
40	146
40	164
40	261
40	359
40	394
40	402
40	414
40	420
40	473
40	482
40	488
40	489
40	491
40	501
40	503
40	504
40	507
40	573
40	583
40	606
40	608
40	628
40	629
40	658
40	668
40	694
40	744
40	770
40	771
40	772
40	826
40	833
40	852
40	864
40	869
41	27
41	103
41	198
41	314
41	357
41	371
41	393
41	395
41	400
41	493
41	498
41	603
41	715
41	716
41	746
41	747
41	751
41	807
41	839
41	842
41	846
41	867
41	920
41	961
41	982
41	1010
41	1020
41	1025
42	368
43	27
43	126
43	357
43	371
43	411
43	493
43	601
43	615
43	665
43	746
43	747
43	839
43	864
43	912
43	920
43	1010
44	543
45	41
45	145
45	152
45	339
45	405
45	409
45	423
45	479
45	483
45	545
45	786
45	918
45	924
45	995
46	153
46	154
46	155
46	156
46	157
46	158
46	159
46	160
46	901
48	15
48	174
48	175
49	148
49	368
49	379
49	518
49	755
49	781
49	888
49	974
51	137
51	148
51	212
51	755
51	917
51	1024
54	73
54	74
54	80
54	93
54	114
54	115
54	199
54	336
54	398
54	399
54	422
54	427
54	486
54	506
54	542
54	546
54	565
54	566
54	572
54	578
54	582
54	586
54	588
54	634
54	648
54	655
54	660
54	723
54	724
54	809
54	829
54	834
54	844
54	887
54	899
54	950
54	952
54	954
54	956
54	971
54	981
54	989
54	990
54	1007
54	1012
54	1018
55	149
55	468
55	496
55	557
55	619
55	620
55	794
55	825
56	339
57	114
57	127
57	259
57	294
57	396
57	416
57	591
57	623
57	624
57	730
57	731
57	761
57	765
57	778
57	779
57	780
57	836
57	839
57	858
57	922
57	1008
57	1023
58	27
58	111
58	122
58	140
58	144
58	261
58	357
58	371
58	402
58	420
58	482
58	488
58	489
58	493
58	573
58	583
58	608
58	668
58	746
58	747
58	826
58	833
58	842
58	852
58	864
58	920
58	1010
59	31
59	32
59	103
59	198
59	314
59	393
59	395
59	396
59	400
59	498
59	591
59	603
59	623
59	624
59	692
59	696
59	795
59	807
59	846
59	867
59	922
59	961
59	969
59	982
59	1025
60	103
60	198
60	314
60	393
60	395
60	400
60	443
60	498
60	603
60	697
60	754
60	807
60	846
60	865
60	867
60	961
60	982
60	1025
61	27
61	62
61	63
61	81
61	82
61	128
61	129
61	357
61	371
61	382
61	493
61	527
61	528
61	529
61	530
61	531
61	532
61	533
61	534
61	535
61	725
61	726
61	727
61	746
61	747
61	920
61	941
61	1010
62	61
62	81
62	82
62	139
62	334
62	431
62	432
62	527
62	528
62	529
62	530
62	531
62	532
62	534
62	707
62	708
62	709
62	725
62	726
62	727
63	61
63	81
63	82
63	139
63	334
63	431
63	432
63	527
63	528
63	529
63	530
63	531
63	532
63	534
63	707
63	708
63	709
63	725
63	726
63	727
64	416
64	778
64	779
64	874
65	692
65	693
66	421
67	149
67	468
67	496
67	557
67	619
67	620
67	794
68	89
68	322
68	346
69	70
69	71
69	230
69	322
69	324
69	688
69	1009
70	69
70	71
70	322
70	324
70	1009
71	69
71	70
71	230
71	236
71	237
71	322
71	324
71	474
71	1009
72	149
72	468
72	496
72	557
72	619
72	620
72	794
72	825
73	54
73	77
73	81
73	82
73	101
73	115
73	170
73	179
73	203
73	294
73	424
73	440
73	485
73	567
73	584
73	591
73	596
73	623
73	624
73	633
73	641
73	659
73	687
73	729
73	730
73	731
73	733
73	803
73	833
73	887
73	922
73	940
74	54
74	77
74	81
74	82
74	101
74	115
74	170
74	179
74	203
74	294
74	424
74	440
74	485
74	567
74	584
74	591
74	596
74	623
74	624
74	633
74	641
74	659
74	687
74	729
74	730
74	731
74	733
74	803
74	833
74	887
74	922
74	940
76	423
77	73
77	74
77	80
77	101
77	115
77	170
77	199
77	203
77	266
77	336
77	398
77	399
77	422
77	424
77	427
77	440
77	485
77	486
77	506
77	542
77	546
77	565
77	566
77	567
77	582
77	596
77	633
77	634
77	648
77	659
77	687
77	729
77	730
77	731
77	733
77	809
77	829
77	834
77	844
77	887
77	899
77	940
77	950
77	952
77	954
77	956
77	971
77	981
77	989
77	990
77	1007
77	1012
78	31
78	32
78	93
78	103
78	114
78	198
78	314
78	393
78	395
78	396
78	400
78	498
78	572
78	578
78	586
78	588
78	591
78	603
78	623
78	624
78	655
78	660
78	696
78	697
78	705
78	723
78	724
78	751
78	795
78	807
78	813
78	814
78	846
78	867
78	922
78	961
78	969
78	982
78	1018
78	1025
80	54
80	77
80	81
80	82
80	101
80	115
80	170
80	179
80	203
80	294
80	424
80	440
80	485
80	567
80	584
80	591
80	596
80	623
80	624
80	633
80	641
80	659
80	687
80	729
80	730
80	731
80	733
80	803
80	833
80	887
80	922
80	940
81	61
81	62
81	63
81	73
81	74
81	80
81	101
81	128
81	129
81	199
81	301
81	334
81	336
81	382
81	398
81	399
81	422
81	427
81	431
81	432
81	486
81	506
81	542
81	546
81	565
81	566
81	582
81	634
81	648
81	659
81	711
81	725
81	726
81	727
81	809
81	829
81	834
81	844
81	868
81	899
81	941
81	950
81	952
81	954
81	956
81	971
81	981
81	989
81	990
81	1007
81	1012
82	61
82	62
82	63
82	73
82	74
82	80
82	101
82	128
82	129
82	199
82	301
82	334
82	336
82	382
82	398
82	399
82	422
82	427
82	431
82	432
82	486
82	506
82	542
82	546
82	565
82	566
82	582
82	634
82	648
82	659
82	711
82	725
82	726
82	727
82	809
82	829
82	834
82	844
82	868
82	899
82	941
82	950
82	952
82	954
82	956
82	971
82	981
82	989
82	990
82	1007
82	1012
84	479
84	786
84	850
84	862
84	901
84	932
85	479
85	786
85	850
85	862
85	901
85	932
86	41
86	145
86	152
86	339
86	405
86	409
86	423
86	479
86	483
86	545
86	786
86	918
86	924
86	995
87	141
87	170
87	437
87	438
87	1000
88	183
88	252
89	68
89	229
89	252
89	290
89	308
89	363
90	91
90	185
91	90
91	185
92	207
92	211
92	221
92	225
92	229
92	232
92	308
92	328
92	330
92	1013
93	54
93	78
93	115
93	165
93	497
93	611
93	704
93	707
93	708
93	725
93	726
93	727
93	857
93	887
93	985
93	986
94	409
94	943
94	959
95	41
95	103
95	104
95	111
95	140
95	144
95	146
95	152
95	198
95	258
95	313
95	314
95	393
95	395
95	400
95	402
95	420
95	434
95	435
95	439
95	482
95	488
95	489
95	498
95	510
95	573
95	583
95	603
95	608
95	668
95	683
95	745
95	773
95	807
95	826
95	842
95	846
95	847
95	852
95	867
95	876
95	961
95	982
95	996
95	999
95	1025
96	17
96	109
96	241
96	372
96	584
96	631
96	643
96	804
96	805
96	821
97	98
97	117
97	118
97	677
97	897
98	97
98	131
98	139
98	897
98	927
99	126
99	266
99	416
99	615
99	665
99	730
99	731
99	778
99	779
99	892
101	73
101	74
101	77
101	80
101	81
101	82
101	115
101	170
101	179
101	199
101	203
101	266
101	336
101	398
101	399
101	422
101	424
101	427
101	440
101	485
101	486
101	506
101	542
101	546
101	565
101	566
101	567
101	582
101	591
101	596
101	623
101	624
101	633
101	634
101	648
101	687
101	729
101	730
101	731
101	733
101	803
101	809
101	829
101	833
101	834
101	844
101	887
101	899
101	922
101	940
101	950
101	952
101	954
101	956
101	971
101	981
101	989
101	990
101	1007
101	1012
103	31
103	32
103	42
103	59
103	60
103	78
103	95
103	104
103	152
103	294
103	344
103	396
103	403
103	416
103	443
103	591
103	623
103	624
103	625
103	692
103	695
103	696
103	715
103	716
103	745
103	778
103	779
103	781
103	795
103	815
103	922
103	927
103	969
103	980
103	999
103	1030
104	95
104	103
104	111
104	140
104	144
104	146
104	161
104	198
104	313
104	314
104	318
104	393
104	395
104	400
104	402
104	420
104	434
104	435
104	439
104	482
104	488
104	489
104	498
104	510
104	573
104	583
104	603
104	608
104	668
104	683
104	745
104	768
104	773
104	807
104	826
104	842
104	846
104	847
104	852
104	867
104	876
104	916
104	961
104	979
104	982
104	996
104	1025
105	667
106	135
106	323
106	324
106	377
106	699
108	270
108	271
108	278
108	519
108	890
108	895
108	902
108	917
109	40
109	96
109	151
109	553
109	602
109	627
109	644
109	800
109	911
110	153
110	154
110	155
110	156
110	157
110	158
110	159
110	160
110	901
111	41
111	58
111	95
111	104
111	131
111	132
111	261
111	434
111	489
111	575
111	745
111	819
111	821
111	833
111	1001
114	54
114	57
114	78
114	115
114	161
114	259
114	294
114	379
114	416
114	591
114	623
114	624
114	625
114	705
114	722
114	730
114	731
114	761
114	778
114	779
114	780
114	836
114	839
114	887
114	916
114	921
114	922
114	999
114	1008
114	1023
115	54
115	73
115	74
115	77
115	80
115	93
115	101
115	114
115	165
115	199
115	336
115	398
115	399
115	422
115	427
115	486
115	506
115	542
115	546
115	565
115	566
115	572
115	578
115	582
115	586
115	588
115	596
115	611
115	634
115	648
115	655
115	659
115	660
115	704
115	711
115	723
115	724
115	809
115	829
115	834
115	844
115	899
115	950
115	952
115	954
115	956
115	971
115	981
115	989
115	990
115	1007
115	1012
115	1018
116	434
116	435
116	439
116	443
116	683
117	97
117	131
117	139
117	897
117	927
118	97
118	131
118	139
118	897
118	927
120	58
120	632
121	368
121	370
121	560
121	855
121	909
122	121
122	379
124	120
124	216
124	377
124	379
124	388
124	703
124	895
125	222
126	44
126	99
126	145
126	261
126	266
126	380
126	618
126	653
126	661
126	730
126	731
126	752
126	753
126	791
126	843
126	889
126	892
126	906
126	928
126	1022
127	57
127	294
127	396
127	416
127	591
127	623
127	624
127	714
127	922
127	980
127	999
127	1011
128	61
128	81
128	82
128	139
128	334
128	431
128	432
128	527
128	528
128	529
128	530
128	531
128	532
128	534
128	707
128	708
128	709
128	725
128	726
128	727
129	61
129	81
129	82
129	139
129	334
129	431
129	432
129	527
129	528
129	529
129	530
129	531
129	532
129	534
129	707
129	708
129	709
129	725
129	726
129	727
130	169
130	265
130	857
130	883
131	98
131	111
131	117
131	118
131	140
131	144
131	402
131	420
131	482
131	488
131	489
131	573
131	583
131	608
131	668
131	677
131	826
131	852
132	111
132	140
132	144
132	402
132	420
132	482
132	488
132	489
132	573
132	583
132	608
132	668
132	826
132	852
134	170
134	712
134	730
134	731
135	106
135	180
135	323
135	324
135	377
135	554
135	699
137	62
137	63
137	98
137	117
137	118
137	128
137	129
137	382
137	677
137	941
138	137
138	146
139	41
139	58
139	95
139	104
139	131
139	132
139	261
139	434
139	489
139	575
139	745
139	819
139	821
139	833
139	1001
140	51
140	136
140	275
140	377
140	703
140	890
141	87
141	335
141	437
141	438
143	945
144	41
144	58
144	95
144	104
144	131
144	132
144	261
144	434
144	489
144	575
144	745
144	819
144	821
144	833
144	1001
145	46
145	86
145	126
145	146
145	394
145	414
145	473
145	491
145	501
145	503
145	504
145	507
145	606
145	615
145	628
145	629
145	658
145	665
145	694
145	744
145	753
145	770
145	771
145	772
145	869
145	917
146	41
146	95
146	104
146	136
146	145
146	152
146	161
146	261
146	425
146	453
146	461
146	474
146	678
146	692
146	693
146	714
146	740
146	745
146	773
146	780
146	819
146	847
146	864
146	874
146	895
146	921
146	942
146	1032
147	149
147	468
147	496
147	557
147	619
147	620
147	794
148	49
148	51
148	152
148	368
148	740
148	755
148	909
148	917
148	974
148	1024
149	55
149	67
149	72
149	147
149	170
149	592
149	619
149	692
149	712
149	794
149	825
149	880
149	986
149	1021
150	821
151	17
151	109
151	241
151	372
151	584
151	631
151	643
151	804
151	805
151	821
152	46
152	86
152	95
152	103
152	146
152	148
152	198
152	314
152	393
152	394
152	395
152	400
152	414
152	473
152	491
152	498
152	501
152	503
152	504
152	507
152	603
152	606
152	628
152	629
152	658
152	694
152	744
152	760
152	770
152	771
152	772
152	807
152	846
152	847
152	867
152	869
152	882
152	961
152	969
152	982
152	999
152	1025
153	47
153	110
153	280
153	885
154	47
154	110
154	280
154	885
155	47
155	110
155	280
155	885
156	47
156	110
156	280
156	885
157	47
157	110
157	280
157	885
158	47
158	110
158	280
158	885
159	47
159	110
159	280
159	885
160	47
160	110
160	280
160	885
161	104
161	114
161	146
161	259
161	261
161	416
161	434
161	435
161	439
161	683
161	778
161	779
161	833
161	842
161	979
162	479
162	786
162	850
162	862
162	901
162	932
163	423
163	574
163	832
163	988
164	41
164	326
164	519
164	679
164	755
164	833
164	895
164	917
165	93
165	115
165	497
165	572
165	578
165	586
165	588
165	611
165	655
165	660
165	704
165	723
165	724
165	887
165	986
165	1018
167	177
167	890
169	33
169	130
169	804
169	805
169	857
169	978
170	73
170	74
170	77
170	80
170	87
170	101
170	134
170	149
170	199
170	336
170	398
170	399
170	422
170	427
170	468
170	486
170	496
170	506
170	542
170	546
170	557
170	565
170	566
170	567
170	582
170	596
170	619
170	620
170	634
170	648
170	659
170	780
170	794
170	809
170	829
170	830
170	834
170	844
170	899
170	940
170	950
170	952
170	954
170	956
170	971
170	981
170	989
170	990
170	1007
170	1012
171	741
173	14
173	15
173	174
173	176
174	15
174	16
174	173
174	175
175	15
175	16
175	174
176	15
176	173
176	287
177	167
177	323
177	377
177	388
177	525
179	73
179	74
179	80
179	101
179	199
179	336
179	398
179	399
179	422
179	427
179	486
179	506
179	542
179	546
179	565
179	566
179	582
179	613
179	634
179	648
179	659
179	809
179	829
179	834
179	844
179	891
179	899
179	926
179	950
179	952
179	954
179	956
179	971
179	981
179	989
179	990
179	1007
179	1012
180	135
180	500
181	189
181	320
181	323
181	324
181	474
181	500
181	701
181	964
181	979
182	189
182	320
182	323
182	324
182	474
182	500
182	701
182	964
182	979
183	19
183	35
183	38
183	88
183	215
183	227
183	244
183	252
183	270
183	271
183	278
183	299
183	300
183	322
183	323
183	324
183	343
183	514
183	576
183	616
183	688
183	700
183	703
183	890
183	895
183	1014
183	1016
183	1035
183	1038
185	90
185	91
186	18
186	351
186	517
187	188
187	323
187	324
187	377
188	187
188	323
188	324
188	377
189	181
189	182
189	323
189	324
191	34
191	38
191	244
191	296
191	297
191	298
191	303
191	576
191	703
191	1035
193	36
193	195
193	310
195	35
195	38
195	193
195	302
195	308
195	310
195	311
195	330
195	331
195	364
196	383
196	823
196	835
198	31
198	32
198	42
198	59
198	60
198	78
198	95
198	104
198	152
198	294
198	344
198	396
198	403
198	416
198	443
198	591
198	623
198	624
198	625
198	692
198	695
198	696
198	715
198	716
198	745
198	778
198	779
198	781
198	795
198	815
198	922
198	927
198	969
198	980
198	999
198	1030
199	54
199	77
199	81
199	82
199	101
199	115
199	170
199	179
199	203
199	294
199	424
199	440
199	485
199	567
199	584
199	591
199	596
199	623
199	624
199	633
199	641
199	659
199	687
199	729
199	730
199	731
199	733
199	803
199	833
199	887
199	922
199	940
200	221
200	310
203	73
203	74
203	77
203	80
203	101
203	199
203	336
203	398
203	399
203	422
203	427
203	440
203	486
203	506
203	542
203	546
203	565
203	566
203	567
203	582
203	596
203	634
203	648
203	659
203	687
203	809
203	829
203	834
203	844
203	899
203	940
203	950
203	952
203	954
203	956
203	971
203	981
203	989
203	990
203	1007
203	1012
204	294
204	591
204	623
204	624
204	765
204	815
204	922
206	764
207	18
207	92
207	215
207	333
207	465
208	703
208	895
211	92
211	221
211	232
211	308
212	51
212	755
212	974
215	183
215	207
215	270
215	271
216	121
216	452
216	519
216	703
217	218
217	423
217	483
218	217
218	379
218	679
221	92
221	200
221	211
221	229
221	310
221	332
222	125
223	226
223	227
223	229
223	252
223	308
225	92
225	308
225	310
226	483
226	1021
227	223
227	227
227	292
227	308
227	341
227	1014
228	1
228	35
228	183
228	223
228	226
228	308
228	323
228	341
229	35
229	89
229	92
229	221
229	223
229	230
229	252
229	290
229	292
229	308
229	310
229	330
229	331
229	346
229	465
229	1009
229	1014
230	69
230	71
230	229
230	290
230	292
230	308
230	1009
232	92
232	211
232	308
232	333
232	346
233	234
234	233
234	237
236	71
236	237
236	322
237	71
237	234
237	236
237	322
237	688
240	244
240	1035
241	40
241	96
241	151
241	553
241	602
241	644
241	800
241	911
243	428
243	476
243	505
243	568
243	577
243	654
244	19
244	34
244	38
244	183
244	191
244	240
244	296
244	322
244	576
244	1035
246	275
252	88
252	89
252	183
252	223
252	229
252	290
252	292
252	308
252	1014
253	324
254	28
254	29
254	425
254	866
254	923
257	401
258	95
258	434
258	435
258	439
258	463
258	519
258	683
258	866
258	999
259	57
259	114
259	161
259	294
259	416
259	558
259	591
259	623
259	624
259	625
259	687
259	730
259	731
259	761
259	778
259	779
259	780
259	836
259	839
259	922
259	999
259	1008
259	1023
260	277
261	33
261	41
261	58
261	111
261	126
261	140
261	144
261	146
261	161
261	402
261	420
261	482
261	488
261	489
261	573
261	583
261	608
261	615
261	665
261	668
261	790
261	819
261	826
261	833
261	852
261	864
262	833
262	1001
264	298
265	33
265	130
265	804
265	805
265	857
265	978
266	77
266	99
266	101
266	126
266	416
266	615
266	659
266	665
266	730
266	731
266	778
266	779
266	892
267	787
267	1016
270	108
270	183
270	215
270	271
270	617
270	890
271	108
271	183
271	215
271	270
271	617
272	1
272	517
273	318
274	38
275	2
275	3
275	4
275	137
275	246
275	276
275	287
275	303
275	317
275	323
275	324
275	456
275	514
275	564
275	703
275	890
276	275
277	260
278	108
278	183
278	1038
279	412
279	718
279	1019
280	153
280	154
280	155
280	156
280	157
280	158
280	159
280	160
280	901
281	830
283	625
284	321
284	373
284	461
284	703
287	176
287	275
287	288
287	289
288	287
289	287
289	388
290	89
290	229
290	230
290	252
290	292
290	308
290	328
290	330
290	1009
290	1014
292	226
292	229
292	230
292	252
292	290
292	293
292	308
292	1009
292	1014
293	292
294	30
294	57
294	73
294	74
294	80
294	103
294	114
294	127
294	198
294	199
294	204
294	259
294	314
294	336
294	393
294	395
294	396
294	398
294	399
294	400
294	416
294	422
294	427
294	431
294	432
294	434
294	435
294	437
294	439
294	486
294	498
294	506
294	542
294	546
294	565
294	566
294	582
294	591
294	603
294	623
294	624
294	625
294	634
294	648
294	683
294	755
294	761
294	778
294	779
294	780
294	807
294	809
294	829
294	834
294	842
294	844
294	846
294	867
294	899
294	922
294	950
294	952
294	954
294	956
294	961
294	969
294	971
294	981
294	982
294	989
294	990
294	999
294	1007
294	1008
294	1011
294	1012
294	1025
295	576
296	38
296	191
296	244
296	297
296	298
296	367
296	576
297	34
297	191
297	296
297	298
297	576
298	34
298	38
298	191
298	264
298	296
298	297
298	392
298	576
299	183
300	34
300	183
300	303
301	81
301	82
301	431
301	432
301	495
301	591
301	623
301	624
301	692
301	922
301	942
301	999
302	38
302	195
302	322
303	38
303	191
303	275
303	300
303	576
308	1
308	5
308	35
308	89
308	92
308	195
308	211
308	223
308	225
308	226
308	227
308	229
308	230
308	232
308	252
308	290
308	292
308	310
308	330
308	346
308	465
308	1009
308	1013
308	1014
309	323
309	1016
310	193
310	195
310	200
310	221
310	225
310	229
310	308
310	330
310	331
310	332
310	363
310	392
310	465
311	195
311	337
313	95
313	104
313	434
313	559
313	745
313	925
314	31
314	32
314	42
314	59
314	60
314	78
314	95
314	104
314	152
314	294
314	344
314	396
314	403
314	416
314	443
314	591
314	623
314	624
314	625
314	692
314	695
314	696
314	715
314	716
314	745
314	778
314	779
314	781
314	795
314	815
314	922
314	927
314	969
314	980
314	999
314	1030
315	517
316	465
317	35
317	275
317	323
317	324
317	343
317	386
317	388
317	456
317	703
317	890
317	895
318	104
318	273
318	842
320	181
320	182
320	324
320	979
321	284
321	703
322	19
322	34
322	38
322	68
322	69
322	70
322	71
322	183
322	236
322	237
322	244
322	302
322	343
322	467
322	703
323	20
323	21
323	38
323	106
323	135
323	177
323	181
323	182
323	183
323	187
323	188
323	189
323	227
323	275
323	309
323	317
323	324
323	333
323	377
323	379
323	388
323	452
323	456
323	474
323	500
323	514
323	525
323	564
323	576
323	688
323	699
323	703
323	895
323	1016
324	20
324	21
324	38
324	69
324	70
324	71
324	106
324	135
324	181
324	182
324	183
324	187
324	188
324	189
324	253
324	275
324	317
324	320
324	323
324	333
324	377
324	425
324	447
324	456
324	474
324	500
324	564
324	703
324	964
324	966
324	1005
326	164
326	377
326	379
326	456
326	474
326	575
326	679
326	703
326	706
326	855
327	547
327	548
327	641
327	666
328	92
328	290
329	423
329	574
329	832
329	988
330	92
330	195
330	229
330	290
330	308
330	310
330	331
330	332
330	392
330	465
331	35
331	195
331	229
331	310
331	330
331	465
332	221
332	310
332	330
333	207
333	232
333	323
333	324
333	525
333	703
334	62
334	63
334	81
334	82
334	128
334	129
334	382
334	725
334	726
334	727
334	941
335	141
335	1000
336	54
336	77
336	81
336	82
336	101
336	115
336	170
336	179
336	203
336	294
336	424
336	440
336	485
336	567
336	584
336	591
336	596
336	623
336	624
336	633
336	641
336	659
336	687
336	729
336	730
336	731
336	733
336	803
336	833
336	887
336	922
336	940
337	311
339	46
339	56
339	86
339	394
339	414
339	473
339	491
339	501
339	503
339	504
339	507
339	569
339	606
339	628
339	629
339	658
339	669
339	694
339	744
339	770
339	771
339	772
339	869
339	870
339	877
339	879
341	226
341	227
341	342
342	341
343	19
343	35
343	183
343	317
343	322
344	103
344	198
344	314
344	393
344	395
344	400
344	498
344	603
344	692
344	807
344	846
344	867
344	874
344	961
344	982
344	1025
346	68
346	229
346	232
346	308
346	688
346	1013
347	20
347	348
348	347
349	564
351	186
356	627
357	23
357	42
357	44
357	58
357	61
357	411
357	601
357	715
357	912
357	1002
359	41
360	485
363	89
363	310
363	365
363	367
364	195
365	363
365	366
365	367
366	365
367	296
367	363
367	365
368	43
368	49
368	123
368	148
368	518
368	755
368	802
368	855
368	900
368	909
368	917
368	974
370	123
370	560
371	23
371	42
371	44
371	58
371	61
371	411
371	601
371	715
371	912
371	1002
372	40
372	96
372	151
372	553
372	602
372	631
372	644
372	800
372	831
372	911
373	284
376	378
376	379
376	787
377	106
377	121
377	135
377	137
377	177
377	187
377	188
377	323
377	324
377	326
377	378
377	379
377	388
377	495
377	500
377	538
378	376
378	377
378	379
379	49
379	114
379	120
379	121
379	218
379	323
379	326
379	376
379	377
379	378
379	500
379	679
379	740
379	755
380	126
380	381
380	615
380	665
380	753
381	380
382	61
382	81
382	82
382	139
382	334
382	431
382	432
382	527
382	528
382	529
382	530
382	531
382	532
382	534
382	707
382	708
382	709
382	725
382	726
382	727
383	196
383	404
383	599
383	823
383	835
386	317
387	388
387	895
388	20
388	21
388	121
388	177
388	289
388	317
388	323
388	377
388	387
388	389
388	519
388	525
388	894
388	895
389	2
389	7
389	10
389	11
389	12
389	388
389	616
389	895
390	699
392	19
392	298
392	310
392	330
393	31
393	32
393	42
393	59
393	60
393	78
393	95
393	104
393	152
393	294
393	344
393	396
393	403
393	416
393	443
393	591
393	623
393	624
393	625
393	692
393	695
393	696
393	715
393	716
393	745
393	778
393	779
393	781
393	795
393	815
393	922
393	927
393	969
393	980
393	999
393	1030
394	41
394	145
394	152
394	339
394	405
394	409
394	423
394	479
394	483
394	545
394	786
394	918
394	924
394	995
395	31
395	32
395	42
395	59
395	60
395	78
395	95
395	104
395	152
395	294
395	344
395	396
395	403
395	416
395	443
395	591
395	623
395	624
395	625
395	692
395	695
395	696
395	715
395	716
395	745
395	778
395	779
395	781
395	795
395	815
395	922
395	927
395	969
395	980
395	999
395	1030
396	31
396	32
396	57
396	59
396	78
396	103
396	127
396	198
396	294
396	314
396	393
396	395
396	400
396	403
396	445
396	498
396	591
396	603
396	623
396	624
396	692
396	695
396	696
396	781
396	795
396	807
396	815
396	846
396	867
396	922
396	961
396	969
396	980
396	982
396	1025
396	1030
398	54
398	77
398	81
398	82
398	101
398	115
398	170
398	179
398	203
398	294
398	424
398	440
398	485
398	567
398	584
398	591
398	596
398	623
398	624
398	633
398	641
398	659
398	687
398	729
398	730
398	731
398	733
398	803
398	833
398	887
398	922
398	940
399	54
399	77
399	81
399	82
399	101
399	115
399	170
399	179
399	203
399	294
399	424
399	440
399	485
399	567
399	584
399	591
399	596
399	623
399	624
399	633
399	641
399	659
399	687
399	729
399	730
399	731
399	733
399	803
399	833
399	887
399	922
399	940
400	31
400	32
400	42
400	59
400	60
400	78
400	95
400	104
400	152
400	294
400	344
400	396
400	403
400	416
400	443
400	591
400	623
400	624
400	625
400	692
400	695
400	696
400	715
400	716
400	745
400	778
400	779
400	781
400	795
400	815
400	922
400	927
400	969
400	980
400	999
400	1030
401	257
401	718
402	41
402	58
402	95
402	104
402	131
402	132
402	261
402	434
402	489
402	575
402	745
402	819
402	821
402	833
402	1001
403	103
403	198
403	314
403	393
403	395
403	396
403	400
403	498
403	603
403	807
403	846
403	867
403	961
403	969
403	982
403	1025
404	383
404	823
404	835
405	46
405	86
405	394
405	414
405	473
405	491
405	501
405	503
405	504
405	507
405	606
405	628
405	629
405	658
405	694
405	744
405	770
405	771
405	772
405	869
406	806
409	46
409	86
409	94
409	394
409	414
409	473
409	491
409	501
409	503
409	504
409	507
409	606
409	614
409	628
409	629
409	658
409	694
409	744
409	770
409	771
409	772
409	869
409	943
409	959
410	423
410	574
410	832
410	988
411	23
411	27
411	44
411	357
411	371
411	471
411	493
411	601
411	647
411	746
411	747
411	912
411	920
411	1010
412	279
413	649
414	41
414	145
414	152
414	339
414	405
414	409
414	423
414	479
414	483
414	545
414	786
414	918
414	924
414	995
416	57
416	64
416	99
416	103
416	114
416	127
416	161
416	198
416	259
416	266
416	294
416	314
416	393
416	395
416	400
416	431
416	432
416	434
416	435
416	437
416	439
416	498
416	558
416	591
416	603
416	609
416	623
416	624
416	625
416	683
416	730
416	731
416	755
416	761
416	765
416	778
416	779
416	780
416	807
416	836
416	839
416	846
416	867
416	874
416	892
416	922
416	942
416	961
416	979
416	982
416	999
416	1008
416	1023
416	1025
417	449
417	450
417	801
417	815
417	906
418	449
418	450
418	801
418	815
418	906
419	449
419	450
419	801
419	815
419	906
420	41
420	58
420	95
420	104
420	131
420	132
420	261
420	434
420	489
420	575
420	745
420	819
420	821
420	833
420	1001
421	66
422	54
422	77
422	81
422	82
422	101
422	115
422	170
422	179
422	203
422	294
422	424
422	440
422	485
422	567
422	584
422	591
422	596
422	623
422	624
422	633
422	641
422	659
422	687
422	729
422	730
422	731
422	733
422	803
422	833
422	887
422	922
422	940
423	46
423	76
423	86
423	163
423	217
423	329
423	394
423	410
423	414
423	473
423	479
423	491
423	501
423	503
423	504
423	507
423	606
423	628
423	629
423	658
423	694
423	744
423	770
423	771
423	772
423	786
423	869
423	995
424	73
424	74
424	77
424	80
424	101
424	199
424	336
424	398
424	399
424	422
424	427
424	440
424	486
424	506
424	542
424	546
424	565
424	566
424	567
424	582
424	596
424	634
424	648
424	659
424	687
424	809
424	829
424	834
424	844
424	899
424	940
424	950
424	952
424	954
424	956
424	971
424	981
424	989
424	990
424	1007
424	1012
425	146
425	254
425	324
425	452
425	461
425	847
425	895
425	1032
426	679
427	54
427	77
427	81
427	82
427	101
427	115
427	170
427	179
427	203
427	294
427	424
427	440
427	485
427	567
427	584
427	591
427	596
427	623
427	624
427	633
427	641
427	659
427	687
427	729
427	730
427	731
427	733
427	803
427	833
427	887
427	922
427	940
428	243
428	485
428	545
428	571
428	631
428	830
428	972
428	1030
431	62
431	63
431	81
431	82
431	128
431	129
431	294
431	301
431	382
431	416
431	434
431	435
431	437
431	495
431	591
431	623
431	624
431	625
431	778
431	779
431	837
431	922
431	941
431	979
431	999
432	62
432	63
432	81
432	82
432	128
432	129
432	294
432	301
432	382
432	416
432	434
432	435
432	437
432	495
432	591
432	623
432	624
432	625
432	778
432	779
432	837
432	922
432	941
432	979
432	999
433	584
434	95
434	104
434	111
434	116
434	140
434	144
434	161
434	258
434	294
434	313
434	402
434	416
434	420
434	431
434	432
434	435
434	437
434	439
434	482
434	488
434	573
434	583
434	591
434	608
434	623
434	624
434	625
434	668
434	683
434	745
434	768
434	773
434	778
434	779
434	826
434	833
434	842
434	852
434	856
434	873
434	922
434	979
434	996
434	999
434	1001
435	95
435	104
435	116
435	161
435	258
435	294
435	416
435	431
435	432
435	434
435	437
435	439
435	591
435	623
435	624
435	683
435	745
435	768
435	833
435	842
435	922
435	979
435	996
435	999
435	1001
436	518
437	87
437	141
437	294
437	416
437	431
437	432
437	434
437	435
437	438
437	591
437	623
437	624
437	625
437	873
437	922
437	999
437	1000
437	1029
438	87
438	141
438	437
438	1000
439	95
439	104
439	116
439	161
439	258
439	294
439	416
439	434
439	435
439	591
439	623
439	624
439	683
439	745
439	768
439	833
439	842
439	922
439	979
439	996
439	999
439	1001
440	73
440	74
440	77
440	80
440	101
440	199
440	203
440	336
440	398
440	399
440	422
440	424
440	427
440	486
440	506
440	542
440	546
440	565
440	566
440	567
440	582
440	596
440	633
440	634
440	648
440	659
440	687
440	733
440	809
440	829
440	834
440	844
440	899
440	940
440	950
440	952
440	954
440	956
440	971
440	981
440	989
440	990
440	1007
440	1012
443	60
443	103
443	116
443	198
443	314
443	393
443	395
443	400
443	498
443	603
443	697
443	754
443	807
443	846
443	865
443	867
443	961
443	982
443	1025
445	30
445	396
445	695
445	980
447	324
449	417
449	418
449	419
449	815
449	816
449	817
450	417
450	418
450	419
450	815
450	816
450	817
452	216
452	323
452	425
452	500
452	519
452	525
452	703
452	890
452	895
452	933
453	146
456	275
456	317
456	323
456	324
456	326
456	500
456	514
461	146
461	284
461	425
461	474
461	564
461	639
461	780
461	787
461	840
461	921
463	258
465	207
465	229
465	308
465	310
465	316
465	330
465	331
466	467
467	19
467	322
467	466
468	55
468	67
468	72
468	147
468	170
468	592
468	619
468	692
468	712
468	794
468	825
468	880
468	986
468	1021
470	729
471	411
471	571
473	41
473	145
473	152
473	339
473	405
473	409
473	423
473	479
473	483
473	545
473	786
473	918
473	924
473	995
474	71
474	146
474	181
474	182
474	323
474	324
474	326
474	461
474	780
474	921
474	1023
476	243
476	485
476	545
476	571
476	631
476	830
476	972
476	1030
478	862
478	880
478	918
479	46
479	84
479	85
479	86
479	162
479	394
479	414
479	423
479	473
479	491
479	499
479	501
479	503
479	504
479	507
479	550
479	579
479	606
479	628
479	629
479	658
479	670
479	694
479	744
479	770
479	771
479	772
479	869
479	924
479	995
479	1034
481	535
481	790
481	860
482	41
482	58
482	95
482	104
482	131
482	132
482	261
482	434
482	489
482	575
482	745
482	819
482	821
482	833
482	1001
483	39
483	46
483	86
483	217
483	228
483	394
483	414
483	473
483	491
483	501
483	503
483	504
483	507
483	605
483	606
483	628
483	629
483	658
483	694
483	698
483	714
483	744
483	770
483	771
483	772
483	869
484	979
485	73
485	74
485	77
485	80
485	101
485	199
485	336
485	360
485	398
485	399
485	422
485	427
485	428
485	476
485	486
485	505
485	506
485	542
485	546
485	565
485	566
485	568
485	571
485	577
485	582
485	596
485	634
485	648
485	654
485	659
485	809
485	829
485	830
485	834
485	844
485	899
485	950
485	952
485	954
485	956
485	971
485	972
485	981
485	989
485	990
485	1007
485	1012
486	54
486	77
486	81
486	82
486	101
486	115
486	170
486	179
486	203
486	294
486	424
486	440
486	485
486	567
486	584
486	591
486	596
486	623
486	624
486	633
486	641
486	659
486	687
486	729
486	730
486	731
486	733
486	803
486	833
486	887
486	922
486	940
487	931
488	41
488	58
488	95
488	104
488	131
488	132
488	261
488	434
488	489
488	575
488	745
488	819
488	821
488	833
488	1001
489	41
489	58
489	95
489	104
489	111
489	131
489	132
489	140
489	144
489	261
489	402
489	420
489	482
489	488
489	573
489	575
489	583
489	608
489	668
489	745
489	819
489	821
489	826
489	833
489	852
489	1001
491	41
491	145
491	152
491	339
491	405
491	409
491	423
491	479
491	483
491	545
491	786
491	918
491	924
491	995
493	23
493	42
493	44
493	58
493	61
493	411
493	601
493	715
493	912
493	1002
494	495
495	301
495	377
495	431
495	432
495	494
495	684
496	55
496	67
496	72
496	147
496	170
496	592
496	619
496	692
496	712
496	794
496	825
496	880
496	986
496	1021
497	93
497	165
497	572
497	578
497	586
497	588
497	611
497	655
497	660
497	704
497	718
497	723
497	724
497	1018
498	31
498	32
498	42
498	59
498	60
498	78
498	95
498	104
498	152
498	294
498	344
498	396
498	403
498	416
498	443
498	591
498	623
498	624
498	625
498	692
498	695
498	696
498	715
498	716
498	745
498	778
498	779
498	781
498	795
498	815
498	922
498	927
498	969
498	980
498	999
498	1030
499	479
499	786
499	850
499	862
499	901
499	932
500	34
500	180
500	181
500	182
500	323
500	324
500	377
500	379
500	452
500	456
500	525
500	576
500	703
500	1035
501	41
501	145
501	152
501	339
501	405
501	409
501	423
501	479
501	483
501	545
501	786
501	918
501	924
501	995
503	41
503	145
503	152
503	339
503	405
503	409
503	423
503	479
503	483
503	545
503	786
503	918
503	924
503	995
504	41
504	145
504	152
504	339
504	405
504	409
504	423
504	479
504	483
504	545
504	786
504	918
504	924
504	995
505	243
505	485
505	545
505	571
505	631
505	830
505	972
505	1030
506	54
506	77
506	81
506	82
506	101
506	115
506	170
506	179
506	203
506	294
506	424
506	440
506	485
506	567
506	584
506	591
506	596
506	623
506	624
506	633
506	641
506	659
506	687
506	729
506	730
506	731
506	733
506	803
506	833
506	887
506	922
506	940
507	41
507	145
507	152
507	339
507	405
507	409
507	423
507	479
507	483
507	545
507	786
507	918
507	924
507	995
508	1030
510	95
510	104
512	569
512	669
512	870
512	877
512	879
513	514
514	19
514	183
514	275
514	323
514	456
514	513
514	703
515	836
517	18
517	186
517	272
517	315
517	576
517	703
518	49
518	368
518	436
518	755
518	802
518	993
519	108
519	164
519	216
519	258
519	388
519	452
519	554
519	755
519	895
524	836
524	1008
525	177
525	323
525	333
525	388
525	452
525	500
525	703
525	895
525	963
527	61
527	62
527	63
527	128
527	129
527	382
527	533
527	535
527	941
528	61
528	62
528	63
528	128
528	129
528	382
528	533
528	535
528	941
529	61
529	62
529	63
529	128
529	129
529	382
529	533
529	535
529	941
530	61
530	62
530	63
530	128
530	129
530	382
530	533
530	535
530	941
531	61
531	62
531	63
531	128
531	129
531	382
531	533
531	535
531	941
532	61
532	62
532	63
532	128
532	129
532	382
532	533
532	535
532	941
533	61
533	527
533	528
533	529
533	530
533	531
533	532
533	534
533	535
534	61
534	62
534	63
534	128
534	129
534	382
534	533
534	535
534	941
535	61
535	481
535	527
535	528
535	529
535	530
535	531
535	532
535	533
535	534
535	657
538	377
541	927
542	54
542	77
542	81
542	82
542	101
542	115
542	170
542	179
542	203
542	294
542	424
542	440
542	485
542	567
542	584
542	591
542	596
542	623
542	624
542	633
542	641
542	659
542	687
542	729
542	730
542	731
542	733
542	803
542	833
542	887
542	922
542	940
543	45
544	625
545	46
545	86
545	394
545	414
545	428
545	473
545	476
545	491
545	501
545	503
545	504
545	505
545	507
545	568
545	577
545	606
545	628
545	629
545	654
545	658
545	694
545	744
545	770
545	771
545	772
545	869
545	939
546	54
546	77
546	81
546	82
546	101
546	115
546	170
546	179
546	203
546	294
546	424
546	440
546	485
546	567
546	584
546	591
546	596
546	623
546	624
546	633
546	641
546	659
546	687
546	729
546	730
546	731
546	733
546	803
546	833
546	887
546	922
546	940
547	327
547	641
548	327
548	641
549	851
549	915
550	479
550	786
550	850
550	862
550	901
550	932
552	637
552	652
552	962
553	17
553	109
553	241
553	372
553	584
553	631
553	643
553	804
553	805
553	821
554	135
554	519
556	609
556	755
556	974
557	55
557	67
557	72
557	147
557	170
557	592
557	619
557	692
557	712
557	794
557	825
557	880
557	986
557	1021
558	259
558	416
559	313
560	123
560	370
560	774
564	275
564	323
564	324
564	349
564	461
565	54
565	77
565	81
565	82
565	101
565	115
565	170
565	179
565	203
565	294
565	424
565	440
565	485
565	567
565	584
565	591
565	596
565	623
565	624
565	633
565	641
565	659
565	687
565	729
565	730
565	731
565	733
565	803
565	833
565	887
565	922
565	940
566	54
566	77
566	81
566	82
566	101
566	115
566	170
566	179
566	203
566	294
566	424
566	440
566	485
566	567
566	584
566	591
566	596
566	623
566	624
566	633
566	641
566	659
566	687
566	729
566	730
566	731
566	733
566	803
566	833
566	887
566	922
566	940
567	73
567	74
567	77
567	80
567	101
567	170
567	199
567	203
567	336
567	398
567	399
567	422
567	424
567	427
567	440
567	486
567	506
567	542
567	546
567	565
567	566
567	582
567	596
567	633
567	634
567	648
567	659
567	687
567	733
567	809
567	829
567	834
567	844
567	899
567	940
567	950
567	952
567	954
567	956
567	971
567	981
567	989
567	990
567	1007
567	1012
568	243
568	485
568	545
568	571
568	631
568	830
568	972
568	1030
569	339
569	512
570	653
571	428
571	471
571	476
571	485
571	505
571	568
571	577
571	647
571	654
571	972
572	54
572	78
572	115
572	165
572	497
572	611
572	704
572	707
572	708
572	725
572	726
572	727
572	857
572	887
572	985
572	986
573	41
573	58
573	95
573	104
573	131
573	132
573	261
573	434
573	489
573	575
573	745
573	819
573	821
573	833
573	1001
574	163
574	329
574	410
574	914
574	1026
574	1027
574	1028
575	111
575	140
575	144
575	326
575	402
575	420
575	482
575	488
575	489
575	573
575	583
575	608
575	668
575	826
575	852
575	986
576	34
576	38
576	183
576	191
576	244
576	295
576	296
576	297
576	298
576	303
576	323
576	500
576	517
576	703
576	1035
577	243
577	485
577	545
577	571
577	631
577	830
577	972
577	1030
578	54
578	78
578	115
578	165
578	497
578	611
578	704
578	707
578	708
578	725
578	726
578	727
578	857
578	887
578	985
578	986
579	479
579	786
579	850
579	862
579	901
579	932
581	820
582	54
582	77
582	81
582	82
582	101
582	115
582	170
582	179
582	203
582	294
582	424
582	440
582	485
582	567
582	584
582	591
582	596
582	623
582	624
582	633
582	641
582	659
582	687
582	729
582	730
582	731
582	733
582	803
582	833
582	887
582	922
582	940
583	41
583	58
583	95
583	104
583	131
583	132
583	261
583	434
583	489
583	575
583	745
583	819
583	821
583	833
583	1001
584	17
584	40
584	73
584	74
584	80
584	96
584	151
584	199
584	336
584	398
584	399
584	422
584	427
584	433
584	486
584	506
584	542
584	546
584	553
584	565
584	566
584	582
584	602
584	634
584	643
584	644
584	648
584	800
584	809
584	829
584	834
584	844
584	866
584	899
584	911
584	950
584	952
584	954
584	956
584	971
584	981
584	989
584	990
584	1007
584	1012
586	54
586	78
586	115
586	165
586	497
586	611
586	704
586	707
586	708
586	725
586	726
586	727
586	857
586	887
586	985
586	986
588	54
588	78
588	115
588	165
588	497
588	611
588	704
588	707
588	708
588	725
588	726
588	727
588	857
588	887
588	985
588	986
591	30
591	31
591	32
591	57
591	59
591	73
591	74
591	78
591	80
591	101
591	103
591	114
591	127
591	198
591	199
591	204
591	259
591	294
591	301
591	314
591	336
591	393
591	395
591	396
591	398
591	399
591	400
591	416
591	422
591	427
591	431
591	432
591	434
591	435
591	437
591	439
591	486
591	498
591	506
591	542
591	546
591	565
591	566
591	582
591	603
591	625
591	634
591	648
591	659
591	683
591	692
591	696
591	755
591	761
591	778
591	779
591	780
591	795
591	807
591	809
591	829
591	834
591	839
591	842
591	844
591	846
591	867
591	899
591	950
591	952
591	954
591	956
591	961
591	969
591	971
591	974
591	981
591	982
591	989
591	990
591	999
591	1007
591	1011
591	1012
591	1023
591	1025
591	1030
592	149
592	468
592	496
592	557
592	620
596	73
596	74
596	77
596	80
596	101
596	115
596	170
596	199
596	203
596	336
596	398
596	399
596	422
596	424
596	427
596	440
596	485
596	486
596	506
596	542
596	546
596	565
596	566
596	567
596	582
596	633
596	634
596	648
596	659
596	687
596	729
596	733
596	809
596	829
596	834
596	844
596	887
596	899
596	940
596	950
596	952
596	954
596	956
596	971
596	981
596	989
596	990
596	1007
596	1012
599	383
600	614
600	828
600	896
601	23
601	27
601	44
601	357
601	371
601	411
601	493
601	746
601	747
601	912
601	920
601	1010
602	17
602	109
602	241
602	372
602	584
602	631
602	643
602	804
602	805
602	821
603	31
603	32
603	42
603	59
603	60
603	78
603	95
603	104
603	152
603	294
603	344
603	396
603	403
603	416
603	443
603	591
603	623
603	624
603	625
603	692
603	695
603	696
603	715
603	716
603	745
603	778
603	779
603	781
603	795
603	815
603	922
603	927
603	969
603	980
603	999
603	1030
605	483
605	1021
606	41
606	145
606	152
606	339
606	405
606	409
606	423
606	479
606	483
606	545
606	786
606	918
606	924
606	995
608	41
608	58
608	95
608	104
608	131
608	132
608	261
608	434
608	489
608	575
608	745
608	819
608	821
608	833
608	1001
609	416
609	556
609	755
609	778
609	779
609	855
609	974
609	1024
611	93
611	115
611	165
611	497
611	572
611	578
611	586
611	588
611	655
611	660
611	704
611	723
611	724
611	887
611	986
611	1018
613	179
613	710
613	791
614	409
614	600
614	896
615	44
615	99
615	145
615	261
615	266
615	380
615	618
615	653
615	661
615	730
615	731
615	752
615	753
615	791
615	843
615	889
615	892
615	906
615	928
615	1022
616	183
616	389
616	617
617	270
617	271
617	616
618	126
618	615
618	665
618	752
618	753
619	55
619	67
619	72
619	147
619	149
619	170
619	468
619	496
619	557
619	620
619	712
619	825
619	880
619	986
620	55
620	67
620	72
620	147
620	170
620	592
620	619
620	692
620	712
620	794
620	825
620	880
620	986
620	1021
622	898
623	30
623	31
623	32
623	57
623	59
623	73
623	74
623	78
623	80
623	101
623	103
623	114
623	127
623	198
623	199
623	204
623	259
623	294
623	301
623	314
623	336
623	393
623	395
623	396
623	398
623	399
623	400
623	416
623	422
623	427
623	431
623	432
623	434
623	435
623	437
623	439
623	486
623	498
623	506
623	542
623	546
623	565
623	566
623	582
623	603
623	625
623	634
623	648
623	659
623	683
623	692
623	696
623	755
623	761
623	778
623	779
623	780
623	795
623	807
623	809
623	829
623	834
623	839
623	842
623	844
623	846
623	867
623	899
623	950
623	952
623	954
623	956
623	961
623	969
623	971
623	974
623	981
623	982
623	989
623	990
623	999
623	1007
623	1011
623	1012
623	1023
623	1025
623	1030
624	30
624	31
624	32
624	57
624	59
624	73
624	74
624	78
624	80
624	101
624	103
624	114
624	127
624	198
624	199
624	204
624	259
624	294
624	301
624	314
624	336
624	393
624	395
624	396
624	398
624	399
624	400
624	416
624	422
624	427
624	431
624	432
624	434
624	435
624	437
624	439
624	486
624	498
624	506
624	542
624	546
624	565
624	566
624	582
624	603
624	625
624	634
624	648
624	659
624	683
624	692
624	696
624	755
624	761
624	778
624	779
624	780
624	795
624	807
624	809
624	829
624	834
624	839
624	842
624	844
624	846
624	867
624	899
624	950
624	952
624	954
624	956
624	961
624	969
624	971
624	974
624	981
624	982
624	989
624	990
624	999
624	1007
624	1011
624	1012
624	1023
624	1025
624	1030
625	103
625	114
625	198
625	259
625	283
625	294
625	314
625	393
625	395
625	400
625	416
625	431
625	432
625	434
625	437
625	498
625	544
625	591
625	603
625	623
625	624
625	778
625	779
625	807
625	846
625	867
625	922
625	961
625	982
625	999
625	1025
627	109
627	356
627	850
627	889
628	41
628	145
628	152
628	339
628	405
628	409
628	423
628	479
628	483
628	545
628	786
628	918
628	924
628	995
629	41
629	145
629	152
629	339
629	405
629	409
629	423
629	479
629	483
629	545
629	786
629	918
629	924
629	995
631	40
631	96
631	151
631	372
631	428
631	476
631	505
631	553
631	568
631	577
631	602
631	644
631	654
631	800
631	911
632	122
633	73
633	74
633	77
633	80
633	101
633	199
633	336
633	398
633	399
633	422
633	427
633	440
633	486
633	506
633	542
633	546
633	565
633	566
633	567
633	582
633	596
633	634
633	648
633	659
633	687
633	809
633	829
633	834
633	844
633	899
633	940
633	950
633	952
633	954
633	956
633	971
633	981
633	989
633	990
633	1007
633	1012
634	54
634	77
634	81
634	82
634	101
634	115
634	170
634	179
634	203
634	294
634	424
634	440
634	485
634	567
634	584
634	591
634	596
634	623
634	624
634	633
634	641
634	659
634	687
634	729
634	730
634	731
634	733
634	803
634	833
634	887
634	922
634	940
636	929
637	552
639	461
639	921
640	812
641	73
641	74
641	80
641	199
641	327
641	336
641	398
641	399
641	422
641	427
641	486
641	506
641	542
641	546
641	547
641	548
641	565
641	566
641	582
641	634
641	648
641	666
641	809
641	829
641	834
641	839
641	844
641	899
641	950
641	952
641	954
641	956
641	971
641	981
641	989
641	990
641	1007
641	1012
643	17
643	40
643	96
643	151
643	553
643	584
643	602
643	644
643	800
643	911
644	17
644	109
644	241
644	372
644	584
644	631
644	643
644	804
644	805
644	821
645	662
645	938
647	411
647	571
648	54
648	77
648	81
648	82
648	101
648	115
648	170
648	179
648	203
648	294
648	424
648	440
648	485
648	567
648	584
648	591
648	596
648	623
648	624
648	633
648	641
648	659
648	687
648	729
648	730
648	731
648	733
648	803
648	833
648	887
648	922
648	940
649	413
652	552
653	126
653	570
653	615
653	665
654	243
654	485
654	545
654	571
654	631
654	830
654	972
654	1030
655	54
655	78
655	115
655	165
655	497
655	611
655	704
655	707
655	708
655	725
655	726
655	727
655	857
655	887
655	985
655	986
656	754
657	535
657	790
657	860
658	41
658	145
658	152
658	339
658	405
658	409
658	423
658	479
658	483
658	545
658	786
658	918
658	924
658	995
659	73
659	74
659	77
659	80
659	81
659	82
659	115
659	170
659	179
659	199
659	203
659	266
659	336
659	398
659	399
659	422
659	424
659	427
659	440
659	485
659	486
659	506
659	542
659	546
659	565
659	566
659	567
659	582
659	591
659	596
659	623
659	624
659	633
659	634
659	648
659	687
659	729
659	730
659	731
659	733
659	803
659	809
659	829
659	833
659	834
659	844
659	887
659	899
659	922
659	940
659	950
659	952
659	954
659	956
659	971
659	981
659	989
659	990
659	1007
659	1012
660	54
660	78
660	115
660	165
660	497
660	611
660	704
660	707
660	708
660	725
660	726
660	727
660	857
660	887
660	985
660	986
661	126
661	615
661	665
661	914
661	1026
661	1027
661	1028
662	645
663	753
665	44
665	99
665	145
665	261
665	266
665	380
665	618
665	653
665	661
665	730
665	731
665	752
665	753
665	791
665	843
665	889
665	892
665	906
665	928
665	1022
666	327
666	641
667	105
668	41
668	58
668	95
668	104
668	131
668	132
668	261
668	434
668	489
668	575
668	745
668	819
668	821
668	833
668	1001
669	339
669	512
670	479
670	786
670	850
670	862
670	901
670	932
675	755
677	97
677	131
677	139
677	897
677	927
678	146
678	893
679	164
679	218
679	326
679	379
679	426
679	734
679	735
679	740
679	855
679	917
679	1024
681	740
683	95
683	104
683	116
683	161
683	258
683	294
683	416
683	434
683	435
683	439
683	591
683	623
683	624
683	745
683	768
683	833
683	842
683	922
683	979
683	996
683	999
683	1001
684	495
684	740
684	942
684	999
685	688
687	73
687	74
687	77
687	80
687	101
687	199
687	203
687	259
687	336
687	398
687	399
687	422
687	424
687	427
687	440
687	486
687	506
687	542
687	546
687	565
687	566
687	567
687	582
687	596
687	633
687	634
687	648
687	659
687	733
687	809
687	829
687	834
687	844
687	899
687	940
687	950
687	952
687	954
687	956
687	971
687	981
687	989
687	990
687	1007
687	1012
688	69
688	183
688	237
688	323
688	346
688	685
688	895
689	998
692	31
692	32
692	59
692	65
692	103
692	146
692	149
692	198
692	301
692	314
692	344
692	393
692	395
692	396
692	400
692	468
692	496
692	498
692	557
692	591
692	603
692	620
692	623
692	624
692	693
692	696
692	714
692	766
692	773
692	780
692	795
692	807
692	824
692	846
692	867
692	874
692	882
692	922
692	961
692	969
692	982
692	1023
692	1025
693	65
693	146
693	692
693	714
693	778
693	779
693	780
693	874
693	942
694	41
694	145
694	152
694	339
694	405
694	409
694	423
694	479
694	483
694	545
694	786
694	918
694	924
694	995
695	103
695	198
695	314
695	393
695	395
695	396
695	400
695	445
695	498
695	603
695	807
695	846
695	867
695	927
695	932
695	961
695	980
695	982
695	1025
696	31
696	32
696	59
696	78
696	103
696	198
696	314
696	393
696	395
696	396
696	400
696	498
696	591
696	603
696	623
696	624
696	692
696	781
696	795
696	807
696	846
696	867
696	922
696	961
696	969
696	982
696	1025
696	1030
697	60
697	78
697	443
698	483
698	1021
699	106
699	135
699	323
699	390
699	706
699	888
699	895
699	979
700	183
701	181
701	182
703	38
703	121
703	137
703	183
703	191
703	208
703	216
703	275
703	284
703	317
703	321
703	322
703	323
703	324
703	326
703	333
703	452
703	500
703	514
703	517
703	525
703	576
703	888
703	895
703	1035
703	1038
704	93
704	115
704	165
704	497
704	572
704	578
704	586
704	588
704	611
704	655
704	660
704	723
704	724
704	887
704	985
704	986
704	1018
705	78
705	114
705	725
705	726
705	727
705	874
705	916
706	326
706	699
707	62
707	63
707	93
707	128
707	129
707	382
707	572
707	578
707	586
707	588
707	655
707	660
707	709
707	711
707	723
707	724
707	725
707	726
707	727
707	941
707	1018
708	62
708	63
708	93
708	128
708	129
708	382
708	572
708	578
708	586
708	588
708	655
708	660
708	709
708	711
708	723
708	724
708	725
708	726
708	727
708	941
708	1018
709	62
709	63
709	128
709	129
709	382
709	707
709	708
709	711
709	725
709	726
709	727
709	941
710	613
710	891
710	926
711	81
711	82
711	115
711	707
711	708
711	709
711	725
711	726
711	727
711	887
712	134
712	149
712	468
712	496
712	557
712	619
712	620
712	794
712	825
713	714
714	127
714	146
714	483
714	692
714	693
714	713
714	766
714	836
714	874
714	1023
715	27
715	42
715	103
715	198
715	314
715	357
715	371
715	393
715	395
715	400
715	493
715	498
715	603
715	716
715	746
715	747
715	751
715	807
715	839
715	842
715	846
715	867
715	920
715	961
715	969
715	982
715	1010
715	1020
715	1025
716	42
716	103
716	198
716	314
716	393
716	395
716	400
716	498
716	603
716	715
716	751
716	807
716	846
716	867
716	961
716	982
716	1020
716	1025
717	945
718	279
718	401
718	497
718	733
719	721
719	722
720	721
720	722
721	719
721	720
721	722
722	114
722	719
722	720
722	721
723	54
723	78
723	115
723	165
723	497
723	611
723	704
723	707
723	708
723	725
723	726
723	727
723	857
723	887
723	985
723	986
724	54
724	78
724	115
724	165
724	497
724	611
724	704
724	707
724	708
724	725
724	726
724	727
724	857
724	887
724	985
724	986
725	61
725	62
725	63
725	81
725	82
725	93
725	128
725	129
725	334
725	382
725	572
725	578
725	586
725	588
725	655
725	660
725	705
725	707
725	708
725	709
725	711
725	723
725	724
725	941
725	1018
726	61
726	62
726	63
726	81
726	82
726	93
726	128
726	129
726	334
726	382
726	572
726	578
726	586
726	588
726	655
726	660
726	705
726	707
726	708
726	709
726	711
726	723
726	724
726	941
726	1018
727	61
727	62
727	63
727	81
727	82
727	93
727	128
727	129
727	334
727	382
727	572
727	578
727	586
727	588
727	655
727	660
727	705
727	707
727	708
727	709
727	711
727	723
727	724
727	941
727	1018
729	73
729	74
729	77
729	80
729	101
729	199
729	336
729	398
729	399
729	422
729	427
729	470
729	486
729	506
729	542
729	546
729	565
729	566
729	582
729	596
729	634
729	648
729	659
729	809
729	829
729	834
729	844
729	899
729	950
729	952
729	954
729	956
729	971
729	981
729	989
729	990
729	1007
729	1012
730	57
730	73
730	74
730	77
730	80
730	99
730	101
730	114
730	126
730	134
730	199
730	259
730	266
730	336
730	398
730	399
730	416
730	422
730	427
730	486
730	506
730	542
730	546
730	565
730	566
730	582
730	615
730	634
730	648
730	659
730	665
730	737
730	738
730	778
730	779
730	780
730	809
730	829
730	834
730	844
730	892
730	899
730	931
730	950
730	952
730	954
730	956
730	971
730	981
730	989
730	990
730	1007
730	1012
731	57
731	73
731	74
731	77
731	80
731	99
731	101
731	114
731	126
731	134
731	199
731	259
731	266
731	336
731	398
731	399
731	416
731	422
731	427
731	486
731	506
731	542
731	546
731	565
731	566
731	582
731	615
731	634
731	648
731	659
731	665
731	737
731	738
731	778
731	779
731	780
731	809
731	829
731	834
731	844
731	892
731	899
731	931
731	950
731	952
731	954
731	956
731	971
731	981
731	989
731	990
731	1007
731	1012
732	777
733	73
733	74
733	77
733	80
733	101
733	199
733	336
733	398
733	399
733	422
733	427
733	440
733	486
733	506
733	542
733	546
733	565
733	566
733	567
733	582
733	596
733	634
733	648
733	659
733	687
733	718
733	809
733	829
733	834
733	844
733	899
733	940
733	950
733	952
733	954
733	956
733	971
733	981
733	989
733	990
733	1007
733	1012
734	679
734	802
734	855
734	917
735	679
735	802
735	855
735	917
736	739
737	730
737	731
737	928
738	730
738	731
738	928
739	736
739	777
740	146
740	148
740	379
740	679
740	681
740	684
740	751
740	787
740	909
740	917
741	171
744	41
744	145
744	152
744	339
744	405
744	409
744	423
744	479
744	483
744	545
744	786
744	918
744	924
744	995
745	95
745	103
745	104
745	111
745	140
745	144
745	146
745	198
745	313
745	314
745	393
745	395
745	400
745	402
745	420
745	434
745	435
745	439
745	482
745	488
745	489
745	498
745	573
745	583
745	603
745	608
745	668
745	683
745	773
745	807
745	826
745	842
745	846
745	852
745	867
745	876
745	961
745	982
745	996
745	1025
746	23
746	42
746	44
746	58
746	61
746	411
746	601
746	715
746	912
746	1002
747	23
747	42
747	44
747	58
747	61
747	411
747	601
747	715
747	912
747	1002
751	42
751	78
751	715
751	716
751	740
752	126
752	615
752	618
752	665
752	753
752	782
752	791
752	928
753	126
753	145
753	380
753	615
753	618
753	663
753	665
753	752
753	791
753	820
753	843
753	928
754	60
754	443
754	656
754	848
754	1037
755	49
755	51
755	148
755	164
755	212
755	294
755	368
755	379
755	416
755	518
755	519
755	556
755	591
755	609
755	623
755	624
755	675
755	802
755	855
755	922
755	974
755	999
755	1024
756	757
756	761
756	767
757	756
757	759
757	761
757	766
759	33
759	757
759	761
760	152
760	761
760	763
760	765
760	999
761	57
761	114
761	259
761	294
761	416
761	591
761	623
761	624
761	756
761	757
761	759
761	760
761	762
761	763
761	765
761	766
761	768
761	778
761	779
761	780
761	922
762	761
762	765
762	766
762	768
763	760
763	761
763	765
763	766
763	768
763	778
763	779
764	206
765	57
765	204
765	416
765	760
765	761
765	762
765	763
765	766
765	768
765	778
765	779
766	692
766	714
766	757
766	761
766	762
766	763
766	765
766	768
766	780
766	874
766	1008
766	1023
767	756
767	769
768	104
768	434
768	435
768	439
768	683
768	761
768	762
768	763
768	765
768	766
769	767
770	41
770	145
770	152
770	339
770	405
770	409
770	423
770	479
770	483
770	545
770	786
770	918
770	924
770	995
771	41
771	145
771	152
771	339
771	405
771	409
771	423
771	479
771	483
771	545
771	786
771	918
771	924
771	995
772	41
772	145
772	152
772	339
772	405
772	409
772	423
772	479
772	483
772	545
772	786
772	918
772	924
772	995
773	95
773	104
773	146
773	434
773	692
773	745
773	847
773	876
774	560
775	791
776	1030
777	732
777	739
778	30
778	57
778	64
778	99
778	103
778	114
778	161
778	198
778	259
778	266
778	294
778	314
778	393
778	395
778	400
778	416
778	431
778	432
778	434
778	498
778	591
778	603
778	609
778	623
778	624
778	625
778	693
778	730
778	731
778	761
778	763
778	765
778	780
778	807
778	836
778	839
778	846
778	867
778	874
778	892
778	922
778	942
778	961
778	979
778	982
778	999
778	1008
778	1023
778	1025
779	30
779	57
779	64
779	99
779	103
779	114
779	161
779	198
779	259
779	266
779	294
779	314
779	393
779	395
779	400
779	416
779	431
779	432
779	434
779	498
779	591
779	603
779	609
779	623
779	624
779	625
779	693
779	730
779	731
779	761
779	763
779	765
779	780
779	807
779	836
779	839
779	846
779	867
779	874
779	892
779	922
779	942
779	961
779	979
779	982
779	999
779	1008
779	1023
779	1025
780	57
780	114
780	146
780	170
780	259
780	294
780	416
780	461
780	474
780	591
780	623
780	624
780	692
780	693
780	730
780	731
780	761
780	766
780	778
780	779
780	836
780	874
780	882
780	922
780	942
780	1008
780	1023
781	30
781	49
781	103
781	198
781	314
781	393
781	395
781	396
781	400
781	498
781	603
781	696
781	807
781	846
781	867
781	874
781	903
781	961
781	969
781	982
781	1025
782	752
786	46
786	84
786	85
786	86
786	162
786	394
786	414
786	423
786	473
786	491
786	499
786	501
786	503
786	504
786	507
786	550
786	579
786	606
786	628
786	629
786	658
786	670
786	694
786	744
786	770
786	771
786	772
786	869
786	924
786	995
786	1034
787	267
787	376
787	461
787	740
787	1016
789	988
790	261
790	481
790	657
790	819
790	860
791	126
791	613
791	615
791	665
791	752
791	753
791	775
791	874
791	891
791	926
791	931
792	933
794	55
794	67
794	72
794	147
794	149
794	170
794	468
794	496
794	557
794	620
794	712
794	825
794	880
794	986
795	31
795	32
795	59
795	78
795	103
795	198
795	314
795	393
795	395
795	396
795	400
795	498
795	591
795	603
795	623
795	624
795	692
795	696
795	807
795	846
795	867
795	922
795	961
795	969
795	982
795	1025
795	1030
799	862
799	880
799	918
800	17
800	109
800	241
800	372
800	584
800	631
800	643
800	804
800	805
800	821
801	417
801	418
801	419
801	816
801	817
802	368
802	518
802	734
802	735
802	755
803	73
803	74
803	80
803	101
803	199
803	336
803	398
803	399
803	422
803	427
803	486
803	506
803	542
803	546
803	565
803	566
803	582
803	634
803	648
803	659
803	809
803	829
803	834
803	844
803	899
803	950
803	952
803	954
803	956
803	971
803	981
803	989
803	990
803	1007
803	1012
804	40
804	96
804	151
804	169
804	265
804	553
804	602
804	644
804	800
804	883
804	911
805	40
805	96
805	151
805	169
805	265
805	553
805	602
805	644
805	800
805	883
805	911
806	406
807	31
807	32
807	42
807	59
807	60
807	78
807	95
807	104
807	152
807	294
807	344
807	396
807	403
807	416
807	443
807	591
807	623
807	624
807	625
807	692
807	695
807	696
807	715
807	716
807	745
807	778
807	779
807	781
807	795
807	815
807	922
807	927
807	969
807	980
807	999
807	1030
809	54
809	77
809	81
809	82
809	101
809	115
809	170
809	179
809	203
809	294
809	424
809	440
809	485
809	567
809	584
809	591
809	596
809	623
809	624
809	633
809	641
809	659
809	687
809	729
809	730
809	731
809	733
809	803
809	833
809	887
809	922
809	940
812	640
813	78
813	815
813	936
814	78
814	815
814	936
815	103
815	198
815	204
815	314
815	393
815	395
815	396
815	400
815	417
815	418
815	419
815	449
815	450
815	498
815	603
815	807
815	813
815	814
815	816
815	817
815	846
815	867
815	961
815	969
815	982
815	1025
816	449
816	450
816	801
816	815
816	906
817	449
817	450
817	801
817	815
817	906
819	33
819	111
819	140
819	144
819	146
819	261
819	402
819	420
819	482
819	488
819	489
819	573
819	583
819	608
819	668
819	790
819	826
819	852
820	581
820	753
821	28
821	29
821	40
821	96
821	111
821	140
821	144
821	150
821	151
821	402
821	420
821	482
821	488
821	489
821	553
821	573
821	583
821	602
821	608
821	644
821	668
821	800
821	826
821	852
821	866
821	911
823	196
823	383
823	404
823	835
824	692
825	55
825	72
825	149
825	468
825	496
825	557
825	619
825	620
825	712
825	794
825	880
826	41
826	58
826	95
826	104
826	131
826	132
826	261
826	434
826	489
826	575
826	745
826	819
826	821
826	833
826	1001
828	600
828	896
829	54
829	77
829	81
829	82
829	101
829	115
829	170
829	179
829	203
829	294
829	424
829	440
829	485
829	567
829	584
829	591
829	596
829	623
829	624
829	633
829	641
829	659
829	687
829	729
829	730
829	731
829	733
829	803
829	833
829	887
829	922
829	940
830	170
830	281
830	428
830	476
830	485
830	505
830	568
830	577
830	654
831	372
832	163
832	329
832	410
833	28
833	29
833	41
833	58
833	73
833	74
833	80
833	101
833	111
833	140
833	144
833	161
833	164
833	199
833	261
833	262
833	336
833	398
833	399
833	402
833	420
833	422
833	427
833	434
833	435
833	439
833	482
833	486
833	488
833	489
833	506
833	542
833	546
833	565
833	566
833	573
833	582
833	583
833	608
833	634
833	648
833	659
833	668
833	683
833	809
833	826
833	829
833	834
833	842
833	844
833	852
833	860
833	866
833	899
833	950
833	952
833	954
833	956
833	971
833	981
833	989
833	990
833	1001
833	1007
833	1012
834	54
834	77
834	81
834	82
834	101
834	115
834	170
834	179
834	203
834	294
834	424
834	440
834	485
834	567
834	584
834	591
834	596
834	623
834	624
834	633
834	641
834	659
834	687
834	729
834	730
834	731
834	733
834	803
834	833
834	887
834	922
834	940
835	196
835	383
835	404
835	823
836	57
836	114
836	259
836	416
836	515
836	524
836	714
836	778
836	779
836	780
836	874
836	931
836	1008
836	1023
837	431
837	432
837	1011
839	42
839	44
839	57
839	114
839	259
839	416
839	591
839	623
839	624
839	641
839	715
839	778
839	779
839	842
839	921
839	922
839	979
840	461
842	42
842	58
842	95
842	104
842	161
842	294
842	318
842	434
842	435
842	439
842	591
842	623
842	624
842	683
842	715
842	745
842	833
842	839
842	856
842	922
843	126
843	615
843	665
843	753
843	1022
844	54
844	77
844	81
844	82
844	101
844	115
844	170
844	179
844	203
844	294
844	424
844	440
844	485
844	567
844	584
844	591
844	596
844	623
844	624
844	633
844	641
844	659
844	687
844	729
844	730
844	731
844	733
844	803
844	833
844	887
844	922
844	940
846	31
846	32
846	42
846	59
846	60
846	78
846	95
846	104
846	152
846	294
846	344
846	396
846	403
846	416
846	443
846	591
846	623
846	624
846	625
846	692
846	695
846	696
846	715
846	716
846	745
846	778
846	779
846	781
846	795
846	815
846	922
846	927
846	969
846	980
846	999
846	1030
847	95
847	104
847	146
847	152
847	425
847	773
848	754
848	863
848	865
848	1037
850	84
850	85
850	162
850	499
850	550
850	579
850	627
850	670
850	1034
851	549
851	937
852	41
852	58
852	95
852	104
852	131
852	132
852	261
852	434
852	489
852	575
852	745
852	819
852	821
852	833
852	1001
855	123
855	326
855	368
855	609
855	679
855	734
855	735
855	755
855	888
855	917
856	434
856	842
856	965
856	966
857	93
857	130
857	169
857	265
857	572
857	578
857	586
857	588
857	655
857	660
857	723
857	724
857	883
857	984
857	1018
858	57
859	863
859	932
860	481
860	657
860	790
860	833
860	1001
862	84
862	85
862	162
862	478
862	499
862	550
862	579
862	670
862	799
862	919
862	1034
863	848
863	859
863	875
863	924
863	928
863	932
864	41
864	44
864	58
864	146
864	261
865	60
865	443
865	848
866	28
866	29
866	254
866	258
866	584
866	821
866	833
867	31
867	32
867	42
867	59
867	60
867	78
867	95
867	104
867	152
867	294
867	344
867	396
867	403
867	416
867	443
867	591
867	623
867	624
867	625
867	692
867	695
867	696
867	715
867	716
867	745
867	778
867	779
867	781
867	795
867	815
867	922
867	927
867	969
867	980
867	999
867	1030
868	81
868	82
869	41
869	145
869	152
869	339
869	405
869	409
869	423
869	479
869	483
869	545
869	786
869	918
869	924
869	995
870	339
870	512
873	434
873	437
874	64
874	146
874	344
874	416
874	692
874	693
874	705
874	714
874	766
874	778
874	779
874	780
874	781
874	791
874	836
874	1008
874	1023
875	863
876	95
876	104
876	745
876	773
876	1030
877	339
877	512
879	339
879	512
880	149
880	468
880	478
880	496
880	557
880	619
880	620
880	794
880	799
880	825
880	919
882	152
882	692
882	780
883	33
883	130
883	804
883	805
883	857
883	978
885	153
885	154
885	155
885	156
885	157
885	158
885	159
885	160
885	901
887	54
887	73
887	74
887	77
887	80
887	93
887	101
887	114
887	165
887	199
887	336
887	398
887	399
887	422
887	427
887	486
887	506
887	542
887	546
887	565
887	566
887	572
887	578
887	582
887	586
887	588
887	596
887	611
887	634
887	648
887	655
887	659
887	660
887	704
887	711
887	723
887	724
887	809
887	829
887	834
887	844
887	899
887	950
887	952
887	954
887	956
887	971
887	981
887	989
887	990
887	1007
887	1012
887	1018
888	49
888	699
888	703
888	855
888	895
889	126
889	615
889	627
889	665
890	108
890	137
890	167
890	183
890	270
890	275
890	317
890	452
890	1035
890	1038
891	179
891	710
891	791
892	99
892	126
892	266
892	416
892	615
892	665
892	730
892	731
892	778
892	779
893	678
894	388
895	108
895	121
895	146
895	164
895	183
895	208
895	317
895	323
895	387
895	388
895	389
895	425
895	452
895	519
895	525
895	688
895	699
895	703
895	888
896	600
896	614
896	828
897	97
897	98
897	117
897	118
897	677
898	622
899	54
899	77
899	81
899	82
899	101
899	115
899	170
899	179
899	203
899	294
899	424
899	440
899	485
899	567
899	584
899	591
899	596
899	623
899	624
899	633
899	641
899	659
899	687
899	729
899	730
899	731
899	733
899	803
899	833
899	887
899	922
899	940
900	368
901	47
901	84
901	85
901	110
901	162
901	280
901	499
901	550
901	579
901	670
901	885
901	1034
902	108
903	781
906	126
906	417
906	418
906	419
906	615
906	665
906	816
906	817
909	123
909	148
909	368
909	740
909	917
909	924
911	17
911	109
911	241
911	372
911	584
911	631
911	643
911	804
911	805
911	821
912	23
912	27
912	44
912	357
912	371
912	411
912	493
912	601
912	746
912	747
912	920
912	1010
914	574
914	661
915	549
915	937
916	104
916	114
916	705
916	979
917	51
917	108
917	145
917	148
917	164
917	368
917	679
917	734
917	735
917	740
917	855
917	909
917	1024
918	46
918	86
918	394
918	414
918	473
918	478
918	491
918	501
918	503
918	504
918	507
918	606
918	628
918	629
918	658
918	694
918	744
918	770
918	771
918	772
918	799
918	869
918	919
919	862
919	880
919	918
920	23
920	42
920	44
920	58
920	61
920	411
920	601
920	715
920	912
920	1002
921	114
921	146
921	461
921	474
921	639
921	839
921	979
922	30
922	31
922	32
922	57
922	59
922	73
922	74
922	78
922	80
922	101
922	103
922	114
922	127
922	198
922	199
922	204
922	259
922	294
922	301
922	314
922	336
922	393
922	395
922	396
922	398
922	399
922	400
922	416
922	422
922	427
922	431
922	432
922	434
922	435
922	437
922	439
922	486
922	498
922	506
922	542
922	546
922	565
922	566
922	582
922	603
922	625
922	634
922	648
922	659
922	683
922	692
922	696
922	755
922	761
922	778
922	779
922	780
922	795
922	807
922	809
922	829
922	834
922	839
922	842
922	844
922	846
922	867
922	899
922	950
922	952
922	954
922	956
922	961
922	969
922	971
922	974
922	981
922	982
922	989
922	990
922	999
922	1007
922	1011
922	1012
922	1023
922	1025
922	1030
923	28
923	29
923	254
924	46
924	86
924	394
924	414
924	473
924	479
924	491
924	501
924	503
924	504
924	507
924	606
924	628
924	629
924	658
924	694
924	744
924	770
924	771
924	772
924	786
924	863
924	869
924	909
924	995
925	313
926	179
926	710
926	791
927	98
927	103
927	117
927	118
927	198
927	314
927	393
927	395
927	400
927	498
927	541
927	603
927	677
927	695
927	807
927	846
927	867
927	961
927	982
927	1025
928	126
928	615
928	665
928	737
928	738
928	752
928	753
928	863
929	636
931	487
931	730
931	731
931	791
931	836
932	84
932	85
932	162
932	499
932	550
932	579
932	670
932	695
932	859
932	863
932	1034
933	452
933	792
936	813
936	814
937	851
937	915
938	645
939	545
940	73
940	74
940	77
940	80
940	101
940	170
940	199
940	203
940	336
940	398
940	399
940	422
940	424
940	427
940	440
940	486
940	506
940	542
940	546
940	565
940	566
940	567
940	582
940	596
940	633
940	634
940	648
940	659
940	687
940	733
940	809
940	829
940	834
940	844
940	899
940	950
940	952
940	954
940	956
940	971
940	981
940	989
940	990
940	1007
940	1012
941	61
941	81
941	82
941	139
941	334
941	431
941	432
941	527
941	528
941	529
941	530
941	531
941	532
941	534
941	707
941	708
941	709
941	725
941	726
941	727
942	146
942	301
942	416
942	684
942	693
942	778
942	779
942	780
942	983
942	999
942	1023
943	94
943	409
943	959
945	143
945	717
950	54
950	77
950	81
950	82
950	101
950	115
950	170
950	179
950	203
950	294
950	424
950	440
950	485
950	567
950	584
950	591
950	596
950	623
950	624
950	633
950	641
950	659
950	687
950	729
950	730
950	731
950	733
950	803
950	833
950	887
950	922
950	940
952	54
952	77
952	81
952	82
952	101
952	115
952	170
952	179
952	203
952	294
952	424
952	440
952	485
952	567
952	584
952	591
952	596
952	623
952	624
952	633
952	641
952	659
952	687
952	729
952	730
952	731
952	733
952	803
952	833
952	887
952	922
952	940
954	54
954	77
954	81
954	82
954	101
954	115
954	170
954	179
954	203
954	294
954	424
954	440
954	485
954	567
954	584
954	591
954	596
954	623
954	624
954	633
954	641
954	659
954	687
954	729
954	730
954	731
954	733
954	803
954	833
954	887
954	922
954	940
956	54
956	77
956	81
956	82
956	101
956	115
956	170
956	179
956	203
956	294
956	424
956	440
956	485
956	567
956	584
956	591
956	596
956	623
956	624
956	633
956	641
956	659
956	687
956	729
956	730
956	731
956	733
956	803
956	833
956	887
956	922
956	940
959	94
959	409
959	943
961	31
961	32
961	42
961	59
961	60
961	78
961	95
961	104
961	152
961	294
961	344
961	396
961	403
961	416
961	443
961	591
961	623
961	624
961	625
961	692
961	695
961	696
961	715
961	716
961	745
961	778
961	779
961	781
961	795
961	815
961	922
961	927
961	969
961	980
961	999
961	1030
962	552
963	525
966	31
966	32
966	59
966	78
966	103
966	152
966	198
966	294
966	314
966	393
966	395
966	396
966	400
966	403
966	498
966	591
966	603
966	623
966	624
966	692
966	696
966	715
966	781
966	795
966	807
966	815
966	846
966	867
966	922
966	961
966	980
966	982
966	1025
966	1030
967	181
967	182
967	324
967	965
967	966
969	54
969	77
969	81
969	82
969	101
969	115
969	170
969	179
969	203
969	294
969	424
969	440
969	485
969	567
969	584
969	591
969	596
969	623
969	624
969	633
969	641
969	659
969	687
969	729
969	730
969	731
969	733
969	803
969	833
969	887
969	922
969	940
970	428
970	476
970	485
970	505
970	568
970	571
970	577
970	654
972	49
972	148
972	212
972	368
972	556
972	591
972	609
972	623
972	624
972	755
972	922
973	856
973	964
973	966
975	324
975	856
975	964
975	965
978	169
978	265
978	883
979	104
979	161
979	181
979	182
979	320
979	416
979	431
979	432
979	434
979	435
979	439
979	484
979	683
979	699
979	778
979	779
979	839
979	916
979	921
980	103
980	127
980	198
980	314
980	393
980	395
980	396
980	400
980	445
980	498
980	603
980	695
980	807
980	846
980	867
980	961
980	969
980	982
980	1025
981	54
981	77
981	81
981	82
981	101
981	115
981	170
981	179
981	203
981	294
981	424
981	440
981	485
981	567
981	584
981	591
981	596
981	623
981	624
981	633
981	641
981	659
981	687
981	729
981	730
981	731
981	733
981	803
981	833
981	887
981	922
981	940
982	31
982	32
982	42
982	59
982	60
982	78
982	95
982	104
982	152
982	294
982	344
982	396
982	403
982	416
982	443
982	591
982	623
982	624
982	625
982	692
982	695
982	696
982	715
982	716
982	745
982	778
982	779
982	781
982	795
982	815
982	922
982	927
982	969
982	980
982	999
982	1030
983	942
983	999
984	857
985	93
985	572
985	578
985	586
985	588
985	655
985	660
985	704
985	723
985	724
985	1018
986	93
986	149
986	165
986	468
986	496
986	557
986	572
986	575
986	578
986	586
986	588
986	611
986	619
986	620
986	655
986	660
986	704
986	723
986	724
986	794
986	987
986	1018
987	986
988	163
988	329
988	410
988	789
989	54
989	77
989	81
989	82
989	101
989	115
989	170
989	179
989	203
989	294
989	424
989	440
989	485
989	567
989	584
989	591
989	596
989	623
989	624
989	633
989	641
989	659
989	687
989	729
989	730
989	731
989	733
989	803
989	833
989	887
989	922
989	940
990	54
990	77
990	81
990	82
990	101
990	115
990	170
990	179
990	203
990	294
990	424
990	440
990	485
990	567
990	584
990	591
990	596
990	623
990	624
990	633
990	641
990	659
990	687
990	729
990	730
990	731
990	733
990	803
990	833
990	887
990	922
990	940
993	518
995	46
995	86
995	394
995	414
995	423
995	473
995	479
995	491
995	501
995	503
995	504
995	507
995	606
995	628
995	629
995	658
995	694
995	744
995	770
995	771
995	772
995	786
995	869
995	924
996	95
996	104
996	434
996	435
996	439
996	683
996	745
998	689
999	95
999	103
999	114
999	127
999	152
999	198
999	258
999	259
999	294
999	301
999	314
999	393
999	395
999	400
999	416
999	431
999	432
999	434
999	435
999	437
999	439
999	498
999	591
999	603
999	623
999	624
999	625
999	683
999	684
999	755
999	760
999	778
999	779
999	807
999	846
999	867
999	922
999	942
999	961
999	982
999	983
999	1025
1000	87
1000	335
1000	437
1000	438
1001	111
1001	140
1001	144
1001	262
1001	402
1001	420
1001	434
1001	435
1001	439
1001	482
1001	488
1001	489
1001	573
1001	583
1001	608
1001	668
1001	683
1001	826
1001	833
1001	852
1001	860
1002	27
1002	357
1002	371
1002	493
1002	746
1002	747
1002	920
1002	1010
1003	19
1004	54
1004	77
1004	81
1004	82
1004	101
1004	115
1004	170
1004	179
1004	203
1004	294
1004	424
1004	440
1004	485
1004	567
1004	584
1004	591
1004	596
1004	623
1004	624
1004	633
1004	641
1004	659
1004	687
1004	729
1004	730
1004	731
1004	733
1004	803
1004	833
1004	887
1004	922
1004	940
1005	1005
1005	1006
1006	57
1006	114
1006	259
1006	294
1006	416
1006	524
1006	766
1006	778
1006	779
1006	780
1006	836
1006	874
1006	1023
1007	324
1007	1004
1007	1006
1008	23
1008	42
1008	44
1008	58
1008	61
1008	411
1008	601
1008	715
1008	912
1008	1002
1009	69
1009	70
1009	71
1009	229
1009	230
1009	290
1009	292
1009	308
1010	127
1010	294
1010	591
1010	623
1010	624
1010	837
1010	922
1011	54
1011	77
1011	81
1011	82
1011	101
1011	115
1011	170
1011	179
1011	203
1011	294
1011	424
1011	440
1011	485
1011	567
1011	584
1011	591
1011	596
1011	623
1011	624
1011	633
1011	641
1011	659
1011	687
1011	729
1011	730
1011	731
1011	733
1011	803
1011	833
1011	887
1011	922
1011	940
1012	92
1012	308
1012	346
1013	35
1013	183
1013	226
1013	229
1013	252
1013	290
1013	292
1013	308
1013	1015
1014	1014
1014	1016
1015	183
1015	267
1015	309
1015	323
1015	787
1015	1015
1016	35
1017	1004
1017	1005
1018	54
1018	78
1018	115
1018	165
1018	497
1018	611
1018	704
1018	707
1018	708
1018	725
1018	726
1018	727
1018	857
1018	887
1018	985
1018	986
1019	279
1020	42
1020	715
1020	716
1021	39
1021	149
1021	228
1021	468
1021	496
1021	557
1021	605
1021	620
1021	698
1022	126
1022	615
1022	665
1022	843
1023	57
1023	114
1023	259
1023	416
1023	474
1023	591
1023	623
1023	624
1023	692
1023	714
1023	766
1023	778
1023	779
1023	780
1023	836
1023	874
1023	922
1023	942
1023	1008
1024	51
1024	148
1024	609
1024	679
1024	755
1024	917
1025	31
1025	32
1025	42
1025	59
1025	60
1025	78
1025	95
1025	104
1025	152
1025	294
1025	344
1025	396
1025	403
1025	416
1025	443
1025	591
1025	623
1025	624
1025	625
1025	692
1025	695
1025	696
1025	715
1025	716
1025	745
1025	778
1025	779
1025	781
1025	795
1025	815
1025	922
1025	927
1025	969
1025	980
1025	999
1025	1030
1026	574
1026	661
1027	574
1027	661
1028	574
1028	661
1029	437
1030	31
1030	32
1030	103
1030	198
1030	314
1030	393
1030	395
1030	396
1030	400
1030	428
1030	476
1030	498
1030	505
1030	508
1030	568
1030	577
1030	591
1030	603
1030	623
1030	624
1030	654
1030	696
1030	776
1030	795
1030	807
1030	846
1030	867
1030	876
1030	922
1030	961
1030	969
1030	982
1030	1025
1032	146
1032	425
1034	479
1034	786
1034	850
1034	862
1034	901
1034	932
1035	183
1035	191
1035	240
1035	244
1035	500
1035	576
1035	703
1035	890
1035	1038
1036	12
1037	754
1037	848
1038	0
1038	6
1038	18
1038	183
1038	278
1038	703
1038	890
1038	1035
