2	3
2	4
2	10
2	11
2	12
3	2
3	4
3	10
3	11
4	2
4	3
4	10
4	11
10	2
10	3
10	4
10	11
11	2
11	3
11	4
11	10
11	13
12	2
13	11
15	584
18	21
19	20
21	27
21	357
21	371
21	493
21	746
21	747
21	920
21	1010
23	26
24	25
25	23
25	411
25	601
25	912
29	103
29	198
29	314
29	393
29	395
29	400
29	498
29	603
29	807
29	846
29	867
29	961
29	982
29	1025
30	103
30	198
30	314
30	393
30	395
30	400
30	498
30	603
30	807
30	846
30	867
30	961
30	982
30	1025
31	261
37	16
38	483
38	1021
39	109
39	584
40	95
40	111
40	140
40	144
40	402
40	420
40	482
40	488
40	489
40	573
40	583
40	608
40	668
40	826
40	852
41	715
41	716
44	543
45	423
45	479
45	786
45	995
48	15
49	755
54	115
54	887
55	149
55	468
55	496
55	557
55	620
57	416
57	778
57	779
58	111
58	140
58	144
58	402
58	420
58	482
58	488
58	573
58	583
58	608
58	668
58	826
58	852
59	103
59	198
59	314
59	393
59	395
59	400
59	498
59	603
59	807
59	846
59	867
59	961
59	982
59	1025
60	443
61	62
61	63
61	128
61	129
61	382
61	527
61	528
61	529
61	530
61	531
61	532
61	533
61	534
61	941
62	61
62	81
62	82
62	334
62	725
62	726
62	727
63	61
63	81
63	82
63	334
63	725
63	726
63	727
69	70
69	71
70	69
70	71
71	69
71	70
72	149
72	468
72	496
72	557
72	620
73	77
73	101
73	203
73	424
73	440
73	567
73	596
73	633
73	659
73	687
73	733
73	940
74	77
74	101
74	203
74	424
74	440
74	567
74	596
74	633
74	659
74	687
74	733
74	940
77	73
77	74
77	80
77	101
77	199
77	336
77	398
77	399
77	422
77	427
77	486
77	506
77	542
77	546
77	565
77	566
77	582
77	596
77	634
77	648
77	659
77	809
77	829
77	834
77	844
77	899
77	940
77	950
77	952
77	954
77	956
77	971
77	981
77	989
77	990
77	1007
77	1012
78	103
78	114
78	198
78	314
78	393
78	395
78	400
78	498
78	603
78	807
78	846
78	867
78	961
78	982
78	1025
80	77
80	101
80	203
80	424
80	440
80	567
80	596
80	633
80	659
80	687
80	733
80	940
81	62
81	63
81	128
81	129
81	382
81	431
81	432
81	941
82	62
82	63
82	128
82	129
82	382
82	431
82	432
82	941
84	901
85	901
86	423
86	479
86	786
86	995
90	91
91	90
93	115
93	165
93	497
93	611
93	704
93	887
94	943
95	41
95	104
95	146
95	745
96	109
96	584
97	98
97	117
97	118
97	677
98	97
99	730
99	731
101	73
101	74
101	77
101	80
101	199
101	336
101	398
101	399
101	422
101	427
101	440
101	486
101	506
101	542
101	546
101	565
101	566
101	567
101	582
101	596
101	634
101	648
101	687
101	809
101	829
101	834
101	844
101	899
101	940
101	950
101	952
101	954
101	956
101	971
101	981
101	989
101	990
101	1007
101	1012
103	31
103	32
103	59
103	78
103	396
103	591
103	623
103	624
103	692
103	696
103	781
103	795
103	922
103	969
103	1030
104	95
104	434
104	435
104	439
104	683
104	745
104	996
109	40
109	96
109	151
109	553
109	602
109	644
109	800
109	911
111	41
111	58
111	261
111	489
111	833
114	78
114	259
114	416
114	778
114	779
115	54
115	93
115	572
115	578
115	586
115	588
115	655
115	660
115	723
115	724
115	1018
117	97
118	97
121	368
121	909
122	121
124	120
126	752
126	753
126	791
128	61
128	81
128	82
128	334
128	725
128	726
128	727
129	61
129	81
129	82
129	334
129	725
129	726
129	727
130	169
130	265
130	883
138	137
139	41
139	58
139	261
139	489
139	833
140	136
141	335
144	41
144	58
144	261
144	489
144	833
146	95
149	55
149	72
149	619
149	794
149	825
149	880
151	109
151	584
152	999
162	901
165	93
165	572
165	578
165	586
165	588
165	655
165	660
165	723
165	724
165	1018
169	130
169	857
170	830
174	175
175	174
187	188
188	187
191	576
196	383
196	823
196	835
198	31
198	32
198	59
198	78
198	396
198	591
198	623
198	624
198	692
198	696
198	781
198	795
198	922
198	969
198	1030
199	77
199	101
199	203
199	424
199	440
199	567
199	596
199	633
199	659
199	687
199	733
199	940
203	73
203	74
203	80
203	199
203	336
203	398
203	399
203	422
203	427
203	486
203	506
203	542
203	546
203	565
203	566
203	582
203	634
203	648
203	809
203	829
203	834
203	844
203	899
203	950
203	952
203	954
203	956
203	971
203	981
203	989
203	990
203	1007
203	1012
217	218
218	217
226	483
226	1021
227	227
228	226
229	308
230	292
230	1009
236	237
237	236
259	114
259	416
259	778
259	779
261	33
261	111
261	140
261	144
261	402
261	420
261	482
261	488
261	489
261	573
261	583
261	608
261	668
261	819
261	826
261	852
265	130
265	857
266	730
266	731
270	271
271	270
279	718
287	288
288	287
290	292
290	308
292	230
292	290
292	308
292	1009
294	416
294	591
294	623
294	624
294	625
294	778
294	779
294	922
294	999
308	229
308	290
308	292
314	31
314	32
314	59
314	78
314	396
314	591
314	623
314	624
314	692
314	696
314	781
314	795
314	922
314	969
314	1030
323	324
324	323
327	547
327	548
327	666
334	62
334	63
334	128
334	129
334	382
334	941
335	141
335	1000
336	77
336	101
336	203
336	424
336	440
336	567
336	596
336	633
336	659
336	687
336	733
336	940
341	342
342	341
344	692
347	348
348	347
357	23
357	411
357	601
357	912
365	366
366	365
368	123
368	855
371	23
371	411
371	601
371	912
377	379
379	377
382	61
382	81
382	82
382	334
382	725
382	726
382	727
383	196
383	404
388	389
389	388
393	31
393	32
393	59
393	78
393	396
393	591
393	623
393	624
393	692
393	696
393	781
393	795
393	922
393	969
393	1030
394	423
394	479
394	786
394	995
395	31
395	32
395	59
395	78
395	396
395	591
395	623
395	624
395	692
395	696
395	781
395	795
395	922
395	969
395	1030
396	103
396	198
396	314
396	393
396	395
396	400
396	498
396	603
396	807
396	846
396	867
396	961
396	980
396	982
396	1025
398	77
398	101
398	203
398	424
398	440
398	567
398	596
398	633
398	659
398	687
398	733
398	940
399	77
399	101
399	203
399	424
399	440
399	567
399	596
399	633
399	659
399	687
399	733
399	940
400	31
400	32
400	59
400	78
400	396
400	591
400	623
400	624
400	692
400	696
400	781
400	795
400	922
400	969
400	1030
402	41
402	58
402	261
402	489
402	833
404	383
404	823
404	835
409	943
411	27
411	357
411	371
411	493
411	746
411	747
411	920
411	1010
413	649
414	423
414	479
414	786
414	995
416	57
416	114
416	259
416	294
416	591
416	623
416	624
416	761
416	778
416	779
416	780
416	839
416	922
417	449
417	450
418	449
418	450
419	449
419	450
420	41
420	58
420	261
420	489
420	833
422	77
422	101
422	203
422	424
422	440
422	567
422	596
422	633
422	659
422	687
422	733
422	940
423	46
423	86
423	394
423	414
423	473
423	491
423	501
423	503
423	504
423	507
423	606
423	628
423	629
423	658
423	694
423	744
423	770
423	771
423	772
423	869
424	73
424	74
424	80
424	199
424	336
424	398
424	399
424	422
424	427
424	486
424	506
424	542
424	546
424	565
424	566
424	582
424	634
424	648
424	809
424	829
424	834
424	844
424	899
424	950
424	952
424	954
424	956
424	971
424	981
424	989
424	990
424	1007
424	1012
427	77
427	101
427	203
427	424
427	440
427	567
427	596
427	633
427	659
427	687
427	733
427	940
428	485
428	571
428	972
431	81
431	82
432	81
432	82
434	104
434	435
434	439
434	683
434	833
434	842
435	104
435	434
435	439
435	683
437	438
438	437
439	104
439	434
439	435
439	683
440	73
440	74
440	80
440	101
440	199
440	336
440	398
440	399
440	422
440	427
440	486
440	506
440	542
440	546
440	565
440	566
440	582
440	634
440	648
440	659
440	809
440	829
440	834
440	844
440	899
440	950
440	952
440	954
440	956
440	971
440	981
440	989
440	990
440	1007
440	1012
443	60
449	417
449	418
449	419
449	816
449	817
450	417
450	418
450	419
450	816
450	817
468	55
468	72
468	619
468	794
468	825
468	880
470	729
473	423
473	479
473	786
473	995
476	485
476	571
476	972
478	862
479	46
479	86
479	394
479	414
479	473
479	491
479	501
479	503
479	504
479	507
479	606
479	628
479	629
479	658
479	694
479	744
479	770
479	771
479	772
479	869
482	41
482	58
482	261
482	489
482	833
483	39
483	228
483	605
483	698
485	428
485	476
485	505
485	568
485	577
485	654
485	830
486	77
486	101
486	203
486	424
486	440
486	567
486	596
486	633
486	659
486	687
486	733
486	940
488	41
488	58
488	261
488	489
488	833
489	41
489	111
489	140
489	144
489	261
489	402
489	420
489	482
489	488
489	573
489	583
489	608
489	668
489	826
489	833
489	852
491	423
491	479
491	786
491	995
493	23
493	411
493	601
493	912
494	495
495	494
496	55
496	72
496	619
496	794
496	825
496	880
497	93
497	572
497	578
497	586
497	588
497	655
497	660
497	723
497	724
497	1018
498	31
498	32
498	59
498	78
498	396
498	591
498	623
498	624
498	692
498	696
498	781
498	795
498	922
498	969
498	1030
499	901
501	423
501	479
501	786
501	995
503	423
503	479
503	786
503	995
504	423
504	479
504	786
504	995
505	485
505	571
505	972
506	77
506	101
506	203
506	424
506	440
506	567
506	596
506	633
506	659
506	687
506	733
506	940
507	423
507	479
507	786
507	995
512	569
512	669
512	870
512	877
512	879
527	61
527	533
527	535
528	61
528	533
528	535
529	61
529	533
529	535
530	61
530	533
530	535
531	61
531	533
531	535
532	61
532	533
532	535
533	61
533	527
533	528
533	529
533	530
533	531
533	532
533	534
533	535
534	61
534	533
534	535
535	527
535	528
535	529
535	530
535	531
535	532
535	533
535	534
542	77
542	101
542	203
542	424
542	440
542	567
542	596
542	633
542	659
542	687
542	733
542	940
543	45
546	77
546	101
546	203
546	424
546	440
546	567
546	596
546	633
546	659
546	687
546	733
546	940
547	327
547	641
548	327
548	641
549	851
550	901
552	637
552	652
552	962
553	109
553	584
557	55
557	72
557	619
557	794
557	825
557	880
565	77
565	101
565	203
565	424
565	440
565	567
565	596
565	633
565	659
565	687
565	733
565	940
566	77
566	101
566	203
566	424
566	440
566	567
566	596
566	633
566	659
566	687
566	733
566	940
567	73
567	74
567	80
567	101
567	199
567	336
567	398
567	399
567	422
567	427
567	486
567	506
567	542
567	546
567	565
567	566
567	582
567	634
567	648
567	659
567	809
567	829
567	834
567	844
567	899
567	950
567	952
567	954
567	956
567	971
567	981
567	989
567	990
567	1007
567	1012
568	485
568	571
568	972
569	512
571	428
571	476
571	505
571	568
571	577
571	654
572	115
572	165
572	497
572	611
572	704
572	887
573	41
573	58
573	261
573	489
573	833
574	914
574	1026
574	1027
574	1028
576	191
577	485
577	571
577	972
578	115
578	165
578	497
578	611
578	704
578	887
579	901
582	77
582	101
582	203
582	424
582	440
582	567
582	596
582	633
582	659
582	687
582	733
582	940
583	41
583	58
583	261
583	489
583	833
584	17
584	40
584	96
584	151
584	553
584	602
584	643
584	644
584	800
584	911
586	115
586	165
586	497
586	611
586	704
586	887
588	115
588	165
588	497
588	611
588	704
588	887
591	103
591	198
591	294
591	314
591	393
591	395
591	400
591	416
591	498
591	603
591	625
591	778
591	779
591	807
591	846
591	867
591	961
591	982
591	999
591	1025
596	73
596	74
596	77
596	80
596	101
596	199
596	336
596	398
596	399
596	422
596	427
596	486
596	506
596	542
596	546
596	565
596	566
596	582
596	634
596	648
596	659
596	809
596	829
596	834
596	844
596	899
596	950
596	952
596	954
596	956
596	971
596	981
596	989
596	990
596	1007
596	1012
600	896
601	27
601	357
601	371
601	493
601	746
601	747
601	920
601	1010
602	109
602	584
603	31
603	32
603	59
603	78
603	396
603	591
603	623
603	624
603	692
603	696
603	781
603	795
603	922
603	969
603	1030
605	483
605	1021
606	423
606	479
606	786
606	995
608	41
608	58
608	261
608	489
608	833
611	93
611	572
611	578
611	586
611	588
611	655
611	660
611	723
611	724
611	1018
613	710
614	896
615	752
615	753
615	791
619	149
619	468
619	496
619	557
619	620
620	55
620	72
620	619
620	794
620	825
620	880
622	898
623	103
623	198
623	294
623	314
623	393
623	395
623	400
623	416
623	498
623	603
623	625
623	778
623	779
623	807
623	846
623	867
623	961
623	982
623	999
623	1025
624	103
624	198
624	294
624	314
624	393
624	395
624	400
624	416
624	498
624	603
624	625
624	778
624	779
624	807
624	846
624	867
624	961
624	982
624	999
624	1025
625	294
625	591
625	623
625	624
625	922
627	850
628	423
628	479
628	786
628	995
629	423
629	479
629	786
629	995
633	73
633	74
633	80
633	199
633	336
633	398
633	399
633	422
633	427
633	486
633	506
633	542
633	546
633	565
633	566
633	582
633	634
633	648
633	809
633	829
633	834
633	844
633	899
633	950
633	952
633	954
633	956
633	971
633	981
633	989
633	990
633	1007
633	1012
634	77
634	101
634	203
634	424
634	440
634	567
634	596
634	633
634	659
634	687
634	733
634	940
637	552
640	812
641	547
641	548
641	666
643	584
644	109
644	584
648	77
648	101
648	203
648	424
648	440
648	567
648	596
648	633
648	659
648	687
648	733
648	940
649	413
652	552
654	485
654	571
654	972
655	115
655	165
655	497
655	611
655	704
655	887
658	423
658	479
658	786
658	995
659	73
659	74
659	77
659	80
659	199
659	336
659	398
659	399
659	422
659	427
659	440
659	486
659	506
659	542
659	546
659	565
659	566
659	567
659	582
659	596
659	634
659	648
659	687
659	809
659	829
659	834
659	844
659	899
659	940
659	950
659	952
659	954
659	956
659	971
659	981
659	989
659	990
659	1007
659	1012
660	115
660	165
660	497
660	611
660	704
660	887
665	752
665	753
665	791
666	327
666	641
668	41
668	58
668	261
668	489
668	833
669	512
670	901
677	97
679	917
683	104
683	434
683	435
683	439
687	73
687	74
687	80
687	101
687	199
687	336
687	398
687	399
687	422
687	427
687	486
687	506
687	542
687	546
687	565
687	566
687	582
687	634
687	648
687	659
687	809
687	829
687	834
687	844
687	899
687	950
687	952
687	954
687	956
687	971
687	981
687	989
687	990
687	1007
687	1012
692	103
692	198
692	314
692	344
692	393
692	395
692	400
692	498
692	603
692	807
692	846
692	867
692	874
692	961
692	982
692	1025
694	423
694	479
694	786
694	995
696	103
696	198
696	314
696	393
696	395
696	400
696	498
696	603
696	807
696	846
696	867
696	961
696	982
696	1025
698	483
698	1021
704	93
704	572
704	578
704	586
704	588
704	655
704	660
704	723
704	724
704	1018
707	709
707	725
707	726
707	727
708	709
708	725
708	726
708	727
709	707
709	708
709	725
709	726
709	727
710	613
710	891
710	926
715	42
715	716
716	42
716	715
716	1020
718	279
719	721
720	721
721	719
721	720
721	722
722	721
723	115
723	165
723	497
723	611
723	704
723	887
724	115
724	165
724	497
724	611
724	704
724	887
725	62
725	63
725	128
725	129
725	382
725	707
725	708
725	709
725	941
726	62
726	63
726	128
726	129
726	382
726	707
726	708
726	709
726	941
727	62
727	63
727	128
727	129
727	382
727	707
727	708
727	709
727	941
729	470
730	99
730	266
730	778
730	779
730	892
731	99
731	266
731	778
731	779
731	892
733	73
733	74
733	80
733	199
733	336
733	398
733	399
733	422
733	427
733	486
733	506
733	542
733	546
733	565
733	566
733	582
733	634
733	648
733	809
733	829
733	834
733	844
733	899
733	950
733	952
733	954
733	956
733	971
733	981
733	989
733	990
733	1007
733	1012
734	802
735	802
744	423
744	479
744	786
744	995
745	95
745	104
746	23
746	411
746	601
746	912
747	23
747	411
747	601
747	912
752	126
752	615
752	665
753	126
753	615
753	665
754	848
754	1037
755	49
755	974
756	757
757	756
757	761
761	416
761	757
761	763
761	765
761	766
761	778
761	779
763	761
765	761
766	761
770	423
770	479
770	786
770	995
771	423
771	479
771	786
771	995
772	423
772	479
772	786
772	995
778	57
778	114
778	259
778	294
778	416
778	591
778	623
778	624
778	730
778	731
778	761
778	780
778	922
779	57
779	114
779	259
779	294
779	416
779	591
779	623
779	624
779	730
779	731
779	761
779	780
779	922
780	416
780	778
780	779
780	1023
781	103
781	198
781	314
781	393
781	395
781	400
781	498
781	603
781	807
781	846
781	867
781	903
781	961
781	982
781	1025
786	46
786	86
786	394
786	414
786	473
786	491
786	501
786	503
786	504
786	507
786	606
786	628
786	629
786	658
786	694
786	744
786	770
786	771
786	772
786	869
789	988
790	860
791	126
791	615
791	665
794	149
794	468
794	496
794	557
794	620
795	103
795	198
795	314
795	393
795	395
795	400
795	498
795	603
795	807
795	846
795	867
795	961
795	982
795	1025
799	862
800	109
800	584
802	734
802	735
807	31
807	32
807	59
807	78
807	396
807	591
807	623
807	624
807	692
807	696
807	781
807	795
807	922
807	969
807	1030
809	77
809	101
809	203
809	424
809	440
809	567
809	596
809	633
809	659
809	687
809	733
809	940
812	640
816	449
816	450
817	449
817	450
819	261
823	196
823	404
825	149
825	468
825	496
825	557
825	620
826	41
826	58
826	261
826	489
826	833
829	77
829	101
829	203
829	424
829	440
829	567
829	596
829	633
829	659
829	687
829	733
829	940
830	170
830	485
833	111
833	140
833	144
833	402
833	420
833	434
833	482
833	488
833	489
833	573
833	583
833	608
833	668
833	826
833	852
833	1001
834	77
834	101
834	203
834	424
834	440
834	567
834	596
834	633
834	659
834	687
834	733
834	940
835	196
835	404
836	1023
839	416
842	434
844	77
844	101
844	203
844	424
844	440
844	567
844	596
844	633
844	659
844	687
844	733
844	940
846	31
846	32
846	59
846	78
846	396
846	591
846	623
846	624
846	692
846	696
846	781
846	795
846	922
846	969
846	1030
848	754
850	627
851	549
851	937
852	41
852	58
852	261
852	489
852	833
855	368
855	917
857	169
857	265
857	883
859	863
860	790
862	478
862	799
862	919
863	859
863	932
867	31
867	32
867	59
867	78
867	396
867	591
867	623
867	624
867	692
867	696
867	781
867	795
867	922
867	969
867	1030
869	423
869	479
869	786
869	995
870	512
874	692
877	512
879	512
880	149
880	468
880	496
880	557
880	620
883	130
883	857
887	54
887	93
887	572
887	578
887	586
887	588
887	655
887	660
887	723
887	724
887	1018
891	710
892	730
892	731
896	600
896	614
898	622
899	77
899	101
899	203
899	424
899	440
899	567
899	596
899	633
899	659
899	687
899	733
899	940
901	84
901	85
901	162
901	499
901	550
901	579
901	670
901	1034
903	781
909	123
911	109
911	584
912	27
912	357
912	371
912	493
912	746
912	747
912	920
912	1010
914	574
917	679
917	855
919	862
920	23
920	411
920	601
920	912
922	103
922	198
922	294
922	314
922	393
922	395
922	400
922	416
922	498
922	603
922	625
922	778
922	779
922	807
922	846
922	867
922	961
922	982
922	999
922	1025
926	710
932	863
937	851
940	73
940	74
940	77
940	80
940	101
940	199
940	336
940	398
940	399
940	422
940	427
940	486
940	506
940	542
940	546
940	565
940	566
940	582
940	634
940	648
940	659
940	809
940	829
940	834
940	844
940	899
940	950
940	952
940	954
940	956
940	971
940	981
940	989
940	990
940	1007
940	1012
941	61
941	81
941	82
941	334
941	725
941	726
941	727
943	94
943	409
943	959
950	77
950	101
950	203
950	424
950	440
950	567
950	596
950	633
950	659
950	687
950	733
950	940
952	77
952	101
952	203
952	424
952	440
952	567
952	596
952	633
952	659
952	687
952	733
952	940
954	77
954	101
954	203
954	424
954	440
954	567
954	596
954	633
954	659
954	687
954	733
954	940
956	77
956	101
956	203
956	424
956	440
956	567
956	596
956	633
956	659
956	687
956	733
956	940
959	943
961	31
961	32
961	59
961	78
961	396
961	591
961	623
961	624
961	692
961	696
961	781
961	795
961	922
961	969
961	1030
962	552
966	103
966	198
966	314
966	393
966	395
966	400
966	498
966	603
966	807
966	846
966	867
966	961
966	982
966	1025
967	965
967	966
969	77
969	101
969	203
969	424
969	440
969	567
969	596
969	633
969	659
969	687
969	733
969	940
970	428
970	476
970	505
970	568
970	577
970	654
972	755
973	964
973	966
975	964
975	965
980	396
981	77
981	101
981	203
981	424
981	440
981	567
981	596
981	633
981	659
981	687
981	733
981	940
982	31
982	32
982	59
982	78
982	396
982	591
982	623
982	624
982	692
982	696
982	781
982	795
982	922
982	969
982	1030
986	987
987	986
988	789
989	77
989	101
989	203
989	424
989	440
989	567
989	596
989	633
989	659
989	687
989	733
989	940
990	77
990	101
990	203
990	424
990	440
990	567
990	596
990	633
990	659
990	687
990	733
990	940
995	46
995	86
995	394
995	414
995	473
995	491
995	501
995	503
995	504
995	507
995	606
995	628
995	629
995	658
995	694
995	744
995	770
995	771
995	772
995	869
996	104
999	152
999	294
999	591
999	623
999	624
999	922
1000	335
1001	833
1004	77
1004	101
1004	203
1004	424
1004	440
1004	567
1004	596
1004	633
1004	659
1004	687
1004	733
1004	940
1005	1005
1005	1006
1007	1004
1007	1006
1008	23
1008	411
1008	601
1008	912
1009	230
1009	292
1011	77
1011	101
1011	203
1011	424
1011	440
1011	567
1011	596
1011	633
1011	659
1011	687
1011	733
1011	940
1013	1015
1014	1014
1017	1004
1017	1005
1018	115
1018	165
1018	497
1018	611
1018	704
1018	887
1020	716
1021	39
1021	228
1021	605
1021	698
1023	780
1023	836
1025	31
1025	32
1025	59
1025	78
1025	396
1025	591
1025	623
1025	624
1025	692
1025	696
1025	781
1025	795
1025	922
1025	969
1025	1030
1026	574
1027	574
1028	574
1030	103
1030	198
1030	314
1030	393
1030	395
1030	400
1030	498
1030	603
1030	807
1030	846
1030	867
1030	961
1030	982
1030	1025
1034	901
1037	754
